/*--------------------------------*- C++ -*----------------------------------*\
| =========                 |                                                 |
| \\      /  F ield         | OpenFOAM: The Open Source CFD Toolbox           |
|  \\    /   O peration     | Version:  2.3.0                                 |
|   \\  /    A nd           | Web:      www.OpenFOAM.org                      |
|    \\/     M anipulation  |                                                 |
\*---------------------------------------------------------------------------*/
FoamFile
{
    version     2.0;
    format      ascii;
    class       vectorField;
    location    "constant/polyMesh";
    object      points;
}
// * * * * * * * * * * * * * * * * * * * * * * * * * * * * * * * * * * * * * //


216
(
(0 0 0)
(20 0 0)
(40 0 0)
(60 0 0)
(80 0 0)
(100 0 0)
(0 0.2 0)
(20 0.2 0)
(40 0.2 0)
(60 0.2 0)
(80 0.2 0)
(100 0.2 0)
(0 0.4 0)
(20 0.4 0)
(40 0.4 0)
(60 0.4 0)
(80 0.4 0)
(100 0.4 0)
(0 0.6 0)
(20 0.6 0)
(40 0.6 0)
(60 0.6 0)
(80 0.6 0)
(100 0.6 0)
(0 0.8 0)
(20 0.8 0)
(40 0.8 0)
(60 0.8 0)
(80 0.8 0)
(100 0.8 0)
(0 1 0)
(20 1 0)
(40 1 0)
(60 1 0)
(80 1 0)
(100 1 0)
(0 0 20)
(20 0 20)
(40 0 20)
(60 0 20)
(80 0 20)
(100 0 20)
(0 0.2 20)
(20 0.2 20)
(40 0.2 20)
(60 0.2 20)
(80 0.2 20)
(100 0.2 20)
(0 0.4 20)
(20 0.4 20)
(40 0.4 20)
(60 0.4 20)
(80 0.4 20)
(100 0.4 20)
(0 0.6 20)
(20 0.6 20)
(40 0.6 20)
(60 0.6 20)
(80 0.6 20)
(100 0.6 20)
(0 0.8 20)
(20 0.8 20)
(40 0.8 20)
(60 0.8 20)
(80 0.8 20)
(100 0.8 20)
(0 1 20)
(20 1 20)
(40 1 20)
(60 1 20)
(80 1 20)
(100 1 20)
(0 0 40)
(20 0 40)
(40 0 40)
(60 0 40)
(80 0 40)
(100 0 40)
(0 0.2 40)
(20 0.2 40)
(40 0.2 40)
(60 0.2 40)
(80 0.2 40)
(100 0.2 40)
(0 0.4 40)
(20 0.4 40)
(40 0.4 40)
(60 0.4 40)
(80 0.4 40)
(100 0.4 40)
(0 0.6 40)
(20 0.6 40)
(40 0.6 40)
(60 0.6 40)
(80 0.6 40)
(100 0.6 40)
(0 0.8 40)
(20 0.8 40)
(40 0.8 40)
(60 0.8 40)
(80 0.8 40)
(100 0.8 40)
(0 1 40)
(20 1 40)
(40 1 40)
(60 1 40)
(80 1 40)
(100 1 40)
(0 0 60)
(20 0 60)
(40 0 60)
(60 0 60)
(80 0 60)
(100 0 60)
(0 0.2 60)
(20 0.2 60)
(40 0.2 60)
(60 0.2 60)
(80 0.2 60)
(100 0.2 60)
(0 0.4 60)
(20 0.4 60)
(40 0.4 60)
(60 0.4 60)
(80 0.4 60)
(100 0.4 60)
(0 0.6 60)
(20 0.6 60)
(40 0.6 60)
(60 0.6 60)
(80 0.6 60)
(100 0.6 60)
(0 0.8 60)
(20 0.8 60)
(40 0.8 60)
(60 0.8 60)
(80 0.8 60)
(100 0.8 60)
(0 1 60)
(20 1 60)
(40 1 60)
(60 1 60)
(80 1 60)
(100 1 60)
(0 0 80)
(20 0 80)
(40 0 80)
(60 0 80)
(80 0 80)
(100 0 80)
(0 0.2 80)
(20 0.2 80)
(40 0.2 80)
(60 0.2 80)
(80 0.2 80)
(100 0.2 80)
(0 0.4 80)
(20 0.4 80)
(40 0.4 80)
(60 0.4 80)
(80 0.4 80)
(100 0.4 80)
(0 0.6 80)
(20 0.6 80)
(40 0.6 80)
(60 0.6 80)
(80 0.6 80)
(100 0.6 80)
(0 0.8 80)
(20 0.8 80)
(40 0.8 80)
(60 0.8 80)
(80 0.8 80)
(100 0.8 80)
(0 1 80)
(20 1 80)
(40 1 80)
(60 1 80)
(80 1 80)
(100 1 80)
(0 0 100)
(20 0 100)
(40 0 100)
(60 0 100)
(80 0 100)
(100 0 100)
(0 0.2 100)
(20 0.2 100)
(40 0.2 100)
(60 0.2 100)
(80 0.2 100)
(100 0.2 100)
(0 0.4 100)
(20 0.4 100)
(40 0.4 100)
(60 0.4 100)
(80 0.4 100)
(100 0.4 100)
(0 0.6 100)
(20 0.6 100)
(40 0.6 100)
(60 0.6 100)
(80 0.6 100)
(100 0.6 100)
(0 0.8 100)
(20 0.8 100)
(40 0.8 100)
(60 0.8 100)
(80 0.8 100)
(100 0.8 100)
(0 1 100)
(20 1 100)
(40 1 100)
(60 1 100)
(80 1 100)
(100 1 100)
)


// ************************************************************************* //
