/*--------------------------------*- C++ -*----------------------------------*\
| =========                 |                                                 |
| \\      /  F ield         | OpenFOAM: The Open Source CFD Toolbox           |
|  \\    /   O peration     | Version:  2.3.0                                 |
|   \\  /    A nd           | Web:      www.OpenFOAM.org                      |
|    \\/     M anipulation  |                                                 |
\*---------------------------------------------------------------------------*/
FoamFile
{
    version     2.0;
    format      ascii;
    class       refinementHistory;
    location    "7.5/polyMesh";
    object      refinementHistory;
}
// * * * * * * * * * * * * * * * * * * * * * * * * * * * * * * * * * * * * * //

// splitCells

73
(
1 0()
2 8(0 66 67 68 69 70 71 72)
-1 8(1 3 12 21 30 39 48 57)
2 8(4 5 6 7 8 9 10 11)
3 0()
3 0()
3 0()
3 0()
3 0()
3 0()
3 0()
3 0()
2 8(13 14 15 16 17 18 19 20)
12 0()
12 0()
12 0()
12 0()
12 0()
12 0()
12 0()
12 0()
2 8(22 23 24 25 26 27 28 29)
21 0()
21 0()
21 0()
21 0()
21 0()
21 0()
21 0()
21 0()
2 8(31 32 33 34 35 36 37 38)
30 0()
30 0()
30 0()
30 0()
30 0()
30 0()
30 0()
30 0()
2 8(40 41 42 43 44 45 46 47)
39 0()
39 0()
39 0()
39 0()
39 0()
39 0()
39 0()
39 0()
2 8(49 50 51 52 53 54 55 56)
48 0()
48 0()
48 0()
48 0()
48 0()
48 0()
48 0()
48 0()
2 8(58 59 60 61 62 63 64 65)
57 0()
57 0()
57 0()
57 0()
57 0()
57 0()
57 0()
57 0()
1 0()
1 0()
1 0()
1 0()
1 0()
1 0()
1 0()
)

// visibleCells

64
(
0
4
13
22
31
40
49
58
66
67
68
69
70
71
72
5
6
7
8
9
10
11
14
15
16
17
18
19
20
23
24
25
26
27
28
29
32
33
34
35
36
37
38
41
42
43
44
45
46
47
50
51
52
53
54
55
56
59
60
61
62
63
64
65
)


// ************************************************************************* //
