0.005	1
0.01	0.995118
0.015	0.990283
0.02	0.985495
0.025	0.980753
0.03	0.976056
0.035	0.971404
0.04	0.966796
0.045	0.962232
0.05	0.957711
0.055	0.953232
0.06	0.948794
0.065	0.944398
0.07	0.940042
0.075	0.935727
0.08	0.93145
0.085	0.927213
0.09	0.923014
0.095	0.918853
0.1	0.914729
0.105	0.910642
0.11	0.906592
0.115	0.902577
0.12	0.898598
0.125	0.894653
0.13	0.890743
0.135	0.886868
0.14	0.883025
0.145	0.879216
0.15	0.87544
0.155	0.871696
0.16	0.867984
0.165	0.864303
0.17	0.860653
0.175	0.857034
0.18	0.853446
0.185	0.849887
0.19	0.846358
0.195	0.842858
0.2	0.839387
0.205	0.835944
0.21	0.832529
0.215	0.829143
0.22	0.825783
0.225	0.822451
0.23	0.819146
0.235	0.815867
0.24	0.812614
0.245	0.809387
0.25	0.806186
0.255	0.803009
0.26	0.799858
0.265	0.796731
0.27	0.793629
0.275	0.790551
0.28	0.787496
0.285	0.784465
0.29	0.781458
0.295	0.778473
0.3	0.775511
0.305	0.772571
0.31	0.769654
0.315	0.766759
0.32	0.763885
0.325	0.761033
0.33	0.758202
0.335	0.755392
0.34	0.752602
0.345	0.749834
0.35	0.747085
0.355	0.744357
0.36	0.741648
0.365	0.738959
0.37	0.73629
0.375	0.73364
0.38	0.731008
0.385	0.728396
0.39	0.725802
0.395	0.723227
0.4	0.72067
0.405	0.71813
0.41	0.715609
0.415	0.713105
0.42	0.710619
0.425	0.70815
0.43	0.705698
0.435	0.703263
0.44	0.700845
0.445	0.698443
0.45	0.696058
0.455	0.693689
0.46	0.691336
0.465	0.688999
0.47	0.686678
0.475	0.684372
0.48	0.682082
0.485	0.679807
0.49	0.677547
0.495	0.675302
0.5	0.673072
0.505	0.670857
0.51	0.668656
0.515	0.666469
0.52	0.664297
0.525	0.662139
0.53	0.659995
0.535	0.657865
0.54	0.655748
0.545	0.653645
0.55	0.651556
0.555	0.64948
0.56	0.647417
0.565	0.645367
0.57	0.64333
0.575	0.641305
0.58	0.639294
0.585	0.637295
0.59	0.635308
0.595	0.633334
0.6	0.631372
0.605	0.629423
0.61	0.627485
0.615	0.625559
0.62	0.623645
0.625	0.621743
0.63	0.619852
0.635	0.617972
0.64	0.616104
0.645	0.614248
0.65	0.612402
0.655	0.610567
0.66	0.608744
0.665	0.606931
0.67	0.605129
0.675	0.603338
0.68	0.601557
0.685	0.599787
0.69	0.598027
0.695	0.596278
0.7	0.594538
0.705	0.592809
0.71	0.59109
0.715	0.589381
0.72	0.587681
0.725	0.585992
0.73	0.584312
0.735	0.582641
0.74	0.580981
0.745	0.579329
0.75	0.577687
0.755	0.576054
0.76	0.574431
0.765	0.572817
0.77	0.571211
0.775	0.569615
0.78	0.568027
0.785	0.566449
0.79	0.564879
0.795	0.563318
0.8	0.561765
0.805	0.560221
0.81	0.558685
0.815	0.557158
0.82	0.555639
0.825	0.554129
0.83	0.552626
0.835	0.551132
0.84	0.549646
0.845	0.548167
0.85	0.546697
0.855	0.545234
0.86	0.54378
0.865	0.542333
0.87	0.540894
0.875	0.539462
0.88	0.538038
0.885	0.536621
0.89	0.535212
0.895	0.53381
0.9	0.532416
0.905	0.531029
0.91	0.529649
0.915	0.528276
0.92	0.52691
0.925	0.525552
0.93	0.5242
0.935	0.522855
0.94	0.521518
0.945	0.520187
0.95	0.518862
0.955	0.517545
0.96	0.516234
0.965	0.51493
0.97	0.513632
0.975	0.512341
0.98	0.511056
0.985	0.509778
0.99	0.508506
0.995	0.507241
1	0.505982
1.005	0.504729
1.01	0.503482
1.015	0.502241
1.02	0.500784
1.025	0.498335
1.03	0.49591
1.035	0.493508
1.04	0.49113
1.045	0.488774
1.05	0.486441
1.055	0.48413
1.06	0.481841
1.065	0.479574
1.07	0.477328
1.075	0.475102
1.08	0.472898
1.085	0.470713
1.09	0.468549
1.095	0.466405
1.1	0.46428
1.105	0.462174
1.11	0.460088
1.115	0.45802
1.12	0.455971
1.125	0.45394
1.13	0.451927
1.135	0.449931
1.14	0.447954
1.145	0.445993
1.15	0.44405
1.155	0.442123
1.16	0.440214
1.165	0.43832
1.17	0.436443
1.175	0.434582
1.18	0.432736
1.185	0.430907
1.19	0.429092
1.195	0.427293
1.2	0.425509
1.205	0.42374
1.21	0.421985
1.215	0.420245
1.22	0.418519
1.225	0.416808
1.23	0.41511
1.235	0.413426
1.24	0.411755
1.245	0.410098
1.25	0.408455
1.255	0.406824
1.26	0.405206
1.265	0.403602
1.27	0.40201
1.275	0.40043
1.28	0.398863
1.285	0.397308
1.29	0.395765
1.295	0.394234
1.3	0.392715
1.305	0.391207
1.31	0.389711
1.315	0.388226
1.32	0.386753
1.325	0.385291
1.33	0.38384
1.335	0.382399
1.34	0.38097
1.345	0.379551
1.35	0.378143
1.355	0.376745
1.36	0.375357
1.365	0.373979
1.37	0.372612
1.375	0.371255
1.38	0.369907
1.385	0.368569
1.39	0.367241
1.395	0.365922
1.4	0.364613
1.405	0.363313
1.41	0.362023
1.415	0.360741
1.42	0.359469
1.425	0.358205
1.43	0.356951
1.435	0.355705
1.44	0.354467
1.445	0.353239
1.45	0.352019
1.455	0.350807
1.46	0.349603
1.465	0.348408
1.47	0.347221
1.475	0.346042
1.48	0.344871
1.485	0.343708
1.49	0.342553
1.495	0.341405
1.5	0.340265
1.505	0.339133
1.51	0.338008
1.515	0.336891
1.52	0.335781
1.525	0.334678
1.53	0.333582
1.535	0.332494
1.54	0.331413
1.545	0.330338
1.55	0.329271
1.555	0.328211
1.56	0.327157
1.565	0.32611
1.57	0.32507
1.575	0.324036
1.58	0.323009
1.585	0.321989
1.59	0.320974
1.595	0.319967
1.6	0.318965
1.605	0.31797
1.61	0.316981
1.615	0.315998
1.62	0.315021
1.625	0.31405
1.63	0.313086
1.635	0.312127
1.64	0.311174
1.645	0.310226
1.65	0.309285
1.655	0.308349
1.66	0.307419
1.665	0.306494
1.67	0.305575
1.675	0.304662
1.68	0.303754
1.685	0.302851
1.69	0.301954
1.695	0.301062
1.7	0.300175
1.705	0.299293
1.71	0.298417
1.715	0.297546
1.72	0.296679
1.725	0.295818
1.73	0.294962
1.735	0.294111
1.74	0.293264
1.745	0.292423
1.75	0.291586
1.755	0.290754
1.76	0.289927
1.765	0.289105
1.77	0.288287
1.775	0.287473
1.78	0.286665
1.785	0.285861
1.79	0.285061
1.795	0.284266
1.8	0.283475
1.805	0.282689
1.81	0.281907
1.815	0.281129
1.82	0.280356
1.825	0.279587
1.83	0.278822
1.835	0.278061
1.84	0.277304
1.845	0.276552
1.85	0.275803
1.855	0.275059
1.86	0.274319
1.865	0.273582
1.87	0.27285
1.875	0.272121
1.88	0.271396
1.885	0.270676
1.89	0.269958
1.895	0.269245
1.9	0.268536
1.905	0.26783
1.91	0.267128
1.915	0.26643
1.92	0.265735
1.925	0.265044
1.93	0.264356
1.935	0.263672
1.94	0.262992
1.945	0.262315
1.95	0.261641
1.955	0.260971
1.96	0.260305
1.965	0.259642
1.97	0.258982
1.975	0.258325
1.98	0.257672
1.985	0.257022
1.99	0.256376
1.995	0.255732
2	0.255092
2.005	0.254455
2.01	0.253821
2.015	0.253191
2.02	0.252563
2.025	0.251939
2.03	0.251318
2.035	0.250699
2.04	0.250084
2.045	0.249472
2.05	0.248863
2.055	0.248257
2.06	0.247653
2.065	0.247053
2.07	0.246455
2.075	0.245861
2.08	0.245269
2.085	0.24468
2.09	0.244094
2.095	0.243511
2.1	0.24293
2.105	0.242353
2.11	0.241778
2.115	0.241205
2.12	0.240636
2.125	0.240069
2.13	0.239505
2.135	0.238943
2.14	0.238384
2.145	0.237828
2.15	0.237274
2.155	0.236723
2.16	0.236174
2.165	0.235628
2.17	0.235085
2.175	0.234544
2.18	0.234005
2.185	0.233469
2.19	0.232935
2.195	0.232404
2.2	0.231875
2.205	0.231349
2.21	0.230825
2.215	0.230303
2.22	0.229784
2.225	0.229267
2.23	0.228753
2.235	0.22824
2.24	0.22773
2.245	0.227222
2.25	0.226717
2.255	0.226214
2.26	0.225713
2.265	0.225214
2.27	0.224717
2.275	0.224223
2.28	0.223731
2.285	0.22324
2.29	0.222752
2.295	0.222267
2.3	0.221783
2.305	0.221301
2.31	0.220822
2.315	0.220344
2.32	0.219869
2.325	0.219396
2.33	0.218924
2.335	0.218455
2.34	0.217988
2.345	0.217522
2.35	0.217059
2.355	0.216598
2.36	0.216138
2.365	0.215681
2.37	0.215225
2.375	0.214772
2.38	0.21432
2.385	0.21387
2.39	0.213422
2.395	0.212976
2.4	0.212532
2.405	0.21209
2.41	0.21165
2.415	0.211211
2.42	0.210774
2.425	0.210339
2.43	0.209906
2.435	0.209474
2.44	0.209045
2.445	0.208617
2.45	0.20819
2.455	0.207766
2.46	0.207343
2.465	0.206922
2.47	0.206503
2.475	0.206085
2.48	0.205669
2.485	0.205255
2.49	0.204843
2.495	0.204432
2.5	0.204022
2.505	0.203615
2.51	0.203209
2.515	0.202804
2.52	0.202402
2.525	0.202
2.53	0.201601
2.535	0.201203
2.54	0.200806
2.545	0.200411
2.55	0.200018
2.555	0.199626
2.56	0.199236
2.565	0.198847
2.57	0.19846
2.575	0.198074
2.58	0.19769
2.585	0.197307
2.59	0.196926
2.595	0.196546
2.6	0.196168
2.605	0.195791
2.61	0.195416
2.615	0.195042
2.62	0.194669
2.625	0.194298
2.63	0.193928
2.635	0.19356
2.64	0.193193
2.645	0.192827
2.65	0.192463
2.655	0.1921
2.66	0.191739
2.665	0.191379
2.67	0.19102
2.675	0.190663
2.68	0.190307
2.685	0.189952
2.69	0.189598
2.695	0.189246
2.7	0.188896
2.705	0.188546
2.71	0.188198
2.715	0.187851
2.72	0.187505
2.725	0.187161
2.73	0.186818
2.735	0.186476
2.74	0.186135
2.745	0.185796
2.75	0.185458
2.755	0.185121
2.76	0.184785
2.765	0.184451
2.77	0.184118
2.775	0.183786
2.78	0.183455
2.785	0.183125
2.79	0.182797
2.795	0.182469
2.8	0.182143
2.805	0.181818
2.81	0.181495
2.815	0.181172
2.82	0.18085
2.825	0.18053
2.83	0.180211
2.835	0.179893
2.84	0.179576
2.845	0.17926
2.85	0.178945
2.855	0.178631
2.86	0.178319
2.865	0.178007
2.87	0.177697
2.875	0.177388
2.88	0.177079
2.885	0.176772
2.89	0.176466
2.895	0.176161
2.9	0.175857
2.905	0.175554
2.91	0.175252
2.915	0.174951
2.92	0.174652
2.925	0.174353
2.93	0.174055
2.935	0.173758
2.94	0.173462
2.945	0.173168
2.95	0.172874
2.955	0.172581
2.96	0.172289
2.965	0.171999
2.97	0.171709
2.975	0.17142
2.98	0.171132
2.985	0.170845
2.99	0.170559
2.995	0.170274
3	0.16999
3.005	0.169707
3.01	0.169425
3.015	0.169144
3.02	0.168864
3.025	0.168584
3.03	0.168306
3.035	0.168028
3.04	0.167752
3.045	0.167476
3.05	0.167201
3.055	0.166927
3.06	0.166654
3.065	0.166382
3.07	0.166111
3.075	0.165841
3.08	0.165571
3.085	0.165303
3.09	0.165035
3.095	0.164768
3.1	0.164502
3.105	0.164237
3.11	0.163973
3.115	0.163709
3.12	0.163447
3.125	0.163185
3.13	0.162924
3.135	0.162664
3.14	0.162405
3.145	0.162147
3.15	0.161889
3.155	0.161632
3.16	0.161376
3.165	0.161121
3.17	0.160867
3.175	0.160613
3.18	0.160361
3.185	0.160109
3.19	0.159857
3.195	0.159607
3.2	0.159357
3.205	0.159109
3.21	0.158861
3.215	0.158613
3.22	0.158367
3.225	0.158121
3.23	0.157876
3.235	0.157632
3.24	0.157389
3.245	0.157146
3.25	0.156904
3.255	0.156663
3.26	0.156422
3.265	0.156183
3.27	0.155944
3.275	0.155705
3.28	0.155468
3.285	0.155231
3.29	0.154995
3.295	0.154759
3.3	0.154525
3.305	0.154291
3.31	0.154058
3.315	0.153825
3.32	0.153593
3.325	0.153362
3.33	0.153132
3.335	0.152902
3.34	0.152673
3.345	0.152444
3.35	0.152217
3.355	0.15199
3.36	0.151763
3.365	0.151538
3.37	0.151313
3.375	0.151088
3.38	0.150865
3.385	0.150642
3.39	0.150419
3.395	0.150198
3.4	0.149977
3.405	0.149756
3.41	0.149536
3.415	0.149317
3.42	0.149099
3.425	0.148881
3.43	0.148664
3.435	0.148447
3.44	0.148231
3.445	0.148016
3.45	0.147801
3.455	0.147587
3.46	0.147374
3.465	0.147161
3.47	0.146949
3.475	0.146737
3.48	0.146526
3.485	0.146316
3.49	0.146106
3.495	0.145897
3.5	0.145688
3.505	0.14548
3.51	0.145273
3.515	0.145066
3.52	0.14486
3.525	0.144654
3.53	0.144449
3.535	0.144245
3.54	0.144041
3.545	0.143838
3.55	0.143635
3.555	0.143433
3.56	0.143231
3.565	0.14303
3.57	0.14283
3.575	0.14263
3.58	0.142431
3.585	0.142232
3.59	0.142034
3.595	0.141836
3.6	0.141639
3.605	0.141442
3.61	0.141246
3.615	0.141051
3.62	0.140856
3.625	0.140661
3.63	0.140467
3.635	0.140274
3.64	0.140081
3.645	0.139889
3.65	0.139697
3.655	0.139506
3.66	0.139315
3.665	0.139125
3.67	0.138935
3.675	0.138746
3.68	0.138557
3.685	0.138369
3.69	0.138182
3.695	0.137995
3.7	0.137808
3.705	0.137622
3.71	0.137436
3.715	0.137251
3.72	0.137067
3.725	0.136883
3.73	0.136699
3.735	0.136516
3.74	0.136333
3.745	0.136151
3.75	0.135969
3.755	0.135788
3.76	0.135607
3.765	0.135427
3.77	0.135248
3.775	0.135068
3.78	0.134889
3.785	0.134711
3.79	0.134533
3.795	0.134356
3.8	0.134179
3.805	0.134003
3.81	0.133827
3.815	0.133651
3.82	0.133476
3.825	0.133302
3.83	0.133127
3.835	0.132954
3.84	0.13278
3.845	0.132608
3.85	0.132435
3.855	0.132263
3.86	0.132092
3.865	0.131921
3.87	0.13175
3.875	0.13158
3.88	0.131411
3.885	0.131241
3.89	0.131073
3.895	0.130904
3.9	0.130736
3.905	0.130569
3.91	0.130402
3.915	0.130235
3.92	0.130069
3.925	0.129903
3.93	0.129738
3.935	0.129573
3.94	0.129408
3.945	0.129244
3.95	0.12908
3.955	0.128917
3.96	0.128754
3.965	0.128592
3.97	0.12843
3.975	0.128268
3.98	0.128107
3.985	0.127946
3.99	0.127786
3.995	0.127626
4	0.127466
4.005	0.127307
4.01	0.127148
4.015	0.126989
4.02	0.126831
4.025	0.126674
4.03	0.126516
4.035	0.12636
4.04	0.126203
4.045	0.126047
4.05	0.125891
4.055	0.125736
4.06	0.125581
4.065	0.125426
4.07	0.125272
4.075	0.125118
4.08	0.124965
4.085	0.124812
4.09	0.124659
4.095	0.124507
4.1	0.124355
4.105	0.124203
4.11	0.124052
4.115	0.123901
4.12	0.123751
4.125	0.123601
4.13	0.123451
4.135	0.123302
4.14	0.123153
4.145	0.123004
4.15	0.122856
4.155	0.122708
4.16	0.12256
4.165	0.122413
4.17	0.122266
4.175	0.12212
4.18	0.121974
4.185	0.121828
4.19	0.121682
4.195	0.121537
4.2	0.121392
4.205	0.121248
4.21	0.121104
4.215	0.12096
4.22	0.120817
4.225	0.120674
4.23	0.120531
4.235	0.120389
4.24	0.120247
4.245	0.120105
4.25	0.119963
4.255	0.119822
4.26	0.119682
4.265	0.119541
4.27	0.119401
4.275	0.119261
4.28	0.119122
4.285	0.118983
4.29	0.118844
4.295	0.118706
4.3	0.118568
4.305	0.11843
4.31	0.118292
4.315	0.118155
4.32	0.118018
4.325	0.117882
4.33	0.117746
4.335	0.11761
4.34	0.117474
4.345	0.117339
4.35	0.117204
4.355	0.117069
4.36	0.116935
4.365	0.116801
4.37	0.116667
4.375	0.116534
4.38	0.116401
4.385	0.116268
4.39	0.116136
4.395	0.116003
4.4	0.115871
4.405	0.11574
4.41	0.115609
4.415	0.115478
4.42	0.115347
4.425	0.115216
4.43	0.115086
4.435	0.114956
4.44	0.114827
4.445	0.114698
4.45	0.114569
4.455	0.11444
4.46	0.114312
4.465	0.114184
4.47	0.114056
4.475	0.113928
4.48	0.113801
4.485	0.113674
4.49	0.113548
4.495	0.113421
4.5	0.113295
4.505	0.113169
4.51	0.113044
4.515	0.112918
4.52	0.112793
4.525	0.112669
4.53	0.112544
4.535	0.11242
4.54	0.112296
4.545	0.112173
4.55	0.112049
4.555	0.111926
4.56	0.111803
4.565	0.111681
4.57	0.111559
4.575	0.111437
4.58	0.111315
4.585	0.111194
4.59	0.111072
4.595	0.110951
4.6	0.110831
4.605	0.11071
4.61	0.11059
4.615	0.11047
4.62	0.110351
4.625	0.110231
4.63	0.110112
4.635	0.109993
4.64	0.109875
4.645	0.109756
4.65	0.109638
4.655	0.109521
4.66	0.109403
4.665	0.109286
4.67	0.109169
4.675	0.109052
4.68	0.108935
4.685	0.108819
4.69	0.108703
4.695	0.108587
4.7	0.108471
4.705	0.108356
4.71	0.108241
4.715	0.108126
4.72	0.108012
4.725	0.107897
4.73	0.107783
4.735	0.107669
4.74	0.107556
4.745	0.107442
4.75	0.107329
4.755	0.107216
4.76	0.107103
4.765	0.106991
4.77	0.106879
4.775	0.106767
4.78	0.106655
4.785	0.106543
4.79	0.106432
4.795	0.106321
4.8	0.10621
4.805	0.1061
4.81	0.105989
4.815	0.105879
4.82	0.105769
4.825	0.10566
4.83	0.10555
4.835	0.105441
4.84	0.105332
4.845	0.105223
4.85	0.105115
4.855	0.105007
4.86	0.104898
4.865	0.104791
4.87	0.104683
4.875	0.104576
4.88	0.104468
4.885	0.104361
4.89	0.104255
4.895	0.104148
4.9	0.104042
4.905	0.103936
4.91	0.10383
4.915	0.103724
4.92	0.103619
4.925	0.103513
4.93	0.103408
4.935	0.103303
4.94	0.103199
4.945	0.103094
4.95	0.10299
4.955	0.102886
4.96	0.102782
4.965	0.102679
4.97	0.102576
4.975	0.102472
4.98	0.102369
4.985	0.102267
4.99	0.102164
4.995	0.102062
5	0.10196
5.005	0.101858
5.01	0.101756
5.015	0.101655
5.02	0.101553
5.025	0.101452
5.03	0.101351
5.035	0.101251
5.04	0.10115
5.045	0.10105
5.05	0.10095
5.055	0.10085
5.06	0.10075
5.065	0.100651
5.07	0.100551
5.075	0.100452
5.08	0.100353
5.085	0.100255
5.09	0.100156
5.095	0.100058
5.1	0.0999596
5.105	0.0998616
5.11	0.0997639
5.115	0.0996663
5.12	0.0995689
5.125	0.0994717
5.13	0.0993747
5.135	0.0992779
5.14	0.0991813
5.145	0.0990849
5.15	0.0989886
5.155	0.0988926
5.16	0.0987967
5.165	0.098701
5.17	0.0986055
5.175	0.0985102
5.18	0.098415
5.185	0.0983201
5.19	0.0982253
5.195	0.0981307
5.2	0.0980363
5.205	0.0979421
5.21	0.0978481
5.215	0.0977542
5.22	0.0976605
5.225	0.097567
5.23	0.0974737
5.235	0.0973806
5.24	0.0972876
5.245	0.0971948
5.25	0.0971022
5.255	0.0970098
5.26	0.0969175
5.265	0.0968254
5.27	0.0967335
5.275	0.0966418
5.28	0.0965502
5.285	0.0964588
5.29	0.0963676
5.295	0.0962766
5.3	0.0961857
5.305	0.096095
5.31	0.0960045
5.315	0.0959141
5.32	0.0958239
5.325	0.0957339
5.33	0.0956441
5.335	0.0955544
5.34	0.0954649
5.345	0.0953755
5.35	0.0952864
5.355	0.0951973
5.36	0.0951085
5.365	0.0950198
5.37	0.0949313
5.375	0.0948429
5.38	0.0947548
5.385	0.0946667
5.39	0.0945789
5.395	0.0944912
5.4	0.0944037
5.405	0.0943163
5.41	0.0942291
5.415	0.094142
5.42	0.0940551
5.425	0.0939684
5.43	0.0938818
5.435	0.0937954
5.44	0.0937092
5.445	0.0936231
5.45	0.0935372
5.455	0.0934514
5.46	0.0933658
5.465	0.0932803
5.47	0.093195
5.475	0.0931099
5.48	0.0930249
5.485	0.09294
5.49	0.0928553
5.495	0.0927708
5.5	0.0926864
5.505	0.0926022
5.51	0.0925181
5.515	0.0924342
5.52	0.0923505
5.525	0.0922668
5.53	0.0921834
5.535	0.0921001
5.54	0.0920169
5.545	0.0919339
5.55	0.091851
5.555	0.0917683
5.56	0.0916858
5.565	0.0916033
5.57	0.0915211
5.575	0.091439
5.58	0.091357
5.585	0.0912752
5.59	0.0911935
5.595	0.0911119
5.6	0.0910306
5.605	0.0909493
5.61	0.0908682
5.615	0.0907873
5.62	0.0907065
5.625	0.0906258
5.63	0.0905453
5.635	0.0904649
5.64	0.0903847
5.645	0.0903046
5.65	0.0902246
5.655	0.0901448
5.66	0.0900651
5.665	0.0899856
5.67	0.0899062
5.675	0.089827
5.68	0.0897479
5.685	0.0896689
5.69	0.0895901
5.695	0.0895114
5.7	0.0894328
5.705	0.0893544
5.71	0.0892761
5.715	0.089198
5.72	0.08912
5.725	0.0890421
5.73	0.0889644
5.735	0.0888868
5.74	0.0888093
5.745	0.088732
5.75	0.0886548
5.755	0.0885777
5.76	0.0885008
5.765	0.088424
5.77	0.0883474
5.775	0.0882708
5.78	0.0881944
5.785	0.0881182
5.79	0.0880421
5.795	0.0879661
5.8	0.0878902
5.805	0.0878145
5.81	0.0877389
5.815	0.0876634
5.82	0.087588
5.825	0.0875128
5.83	0.0874377
5.835	0.0873628
5.84	0.0872879
5.845	0.0872132
5.85	0.0871387
5.855	0.0870642
5.86	0.0869899
5.865	0.0869157
5.87	0.0868416
5.875	0.0867677
5.88	0.0866939
5.885	0.0866202
5.89	0.0865466
5.895	0.0864732
5.9	0.0863999
5.905	0.0863267
5.91	0.0862536
5.915	0.0861807
5.92	0.0861079
5.925	0.0860352
5.93	0.0859626
5.935	0.0858901
5.94	0.0858178
5.945	0.0857456
5.95	0.0856735
5.955	0.0856016
5.96	0.0855297
5.965	0.085458
5.97	0.0853864
5.975	0.0853149
5.98	0.0852435
5.985	0.0851723
5.99	0.0851012
5.995	0.0850302
6	0.0849593
6.005	0.0848885
6.01	0.0848178
6.015	0.0847473
6.02	0.0846769
6.025	0.0846066
6.03	0.0845364
6.035	0.0844663
6.04	0.0843964
6.045	0.0843266
6.05	0.0842568
6.055	0.0841872
6.06	0.0841177
6.065	0.0840484
6.07	0.0839791
6.075	0.0839099
6.08	0.0838409
6.085	0.083772
6.09	0.0837032
6.095	0.0836345
6.1	0.0835659
6.105	0.0834974
6.11	0.0834291
6.115	0.0833608
6.12	0.0832927
6.125	0.0832247
6.13	0.0831568
6.135	0.083089
6.14	0.0830213
6.145	0.0829537
6.15	0.0828862
6.155	0.0828189
6.16	0.0827516
6.165	0.0826845
6.17	0.0826174
6.175	0.0825505
6.18	0.0824837
6.185	0.082417
6.19	0.0823504
6.195	0.0822839
6.2	0.0822175
6.205	0.0821512
6.21	0.0820851
6.215	0.082019
6.22	0.081953
6.225	0.0818872
6.23	0.0818214
6.235	0.0817558
6.24	0.0816903
6.245	0.0816248
6.25	0.0815595
6.255	0.0814943
6.26	0.0814292
6.265	0.0813642
6.27	0.0812992
6.275	0.0812344
6.28	0.0811697
6.285	0.0811051
6.29	0.0810406
6.295	0.0809762
6.3	0.0809119
6.305	0.0808478
6.31	0.0807837
6.315	0.0807197
6.32	0.0806558
6.325	0.080592
6.33	0.0805283
6.335	0.0804647
6.34	0.0804013
6.345	0.0803379
6.35	0.0802746
6.355	0.0802114
6.36	0.0801483
6.365	0.0800853
6.37	0.0800224
6.375	0.0799597
6.38	0.079897
6.385	0.0798344
6.39	0.0797719
6.395	0.0797095
6.4	0.0796472
6.405	0.079585
6.41	0.0795229
6.415	0.0794609
6.42	0.079399
6.425	0.0793372
6.43	0.0792754
6.435	0.0792138
6.44	0.0791523
6.445	0.0790909
6.45	0.0790295
6.455	0.0789683
6.46	0.0789071
6.465	0.0788461
6.47	0.0787851
6.475	0.0787243
6.48	0.0786635
6.485	0.0786028
6.49	0.0785422
6.495	0.0784818
6.5	0.0784214
6.505	0.0783611
6.51	0.0783009
6.515	0.0782407
6.52	0.0781807
6.525	0.0781208
6.53	0.0780609
6.535	0.0780012
6.54	0.0779415
6.545	0.077882
6.55	0.0778225
6.555	0.0777631
6.56	0.0777038
6.565	0.0776446
6.57	0.0775855
6.575	0.0775265
6.58	0.0774675
6.585	0.0774087
6.59	0.0773499
6.595	0.0772913
6.6	0.0772327
6.605	0.0771742
6.61	0.0771158
6.615	0.0770575
6.62	0.0769993
6.625	0.0769411
6.63	0.0768831
6.635	0.0768251
6.64	0.0767673
6.645	0.0767095
6.65	0.0766518
6.655	0.0765942
6.66	0.0765366
6.665	0.0764792
6.67	0.0764218
6.675	0.0763646
6.68	0.0763074
6.685	0.0762503
6.69	0.0761933
6.695	0.0761364
6.7	0.0760795
6.705	0.0760228
6.71	0.0759661
6.715	0.0759095
6.72	0.075853
6.725	0.0757966
6.73	0.0757403
6.735	0.075684
6.74	0.0756278
6.745	0.0755718
6.75	0.0755158
6.755	0.0754598
6.76	0.075404
6.765	0.0753483
6.77	0.0752926
6.775	0.075237
6.78	0.0751815
6.785	0.0751261
6.79	0.0750707
6.795	0.0750155
6.8	0.0749603
6.805	0.0749052
6.81	0.0748502
6.815	0.0747952
6.82	0.0747404
6.825	0.0746856
6.83	0.0746309
6.835	0.0745763
6.84	0.0745218
6.845	0.0744673
6.85	0.0744129
6.855	0.0743586
6.86	0.0743044
6.865	0.0742503
6.87	0.0741962
6.875	0.0741422
6.88	0.0740883
6.885	0.0740345
6.89	0.0739808
6.895	0.0739271
6.9	0.0738735
6.905	0.07382
6.91	0.0737666
6.915	0.0737132
6.92	0.0736599
6.925	0.0736067
6.93	0.0735536
6.935	0.0735005
6.94	0.0734476
6.945	0.0733947
6.95	0.0733418
6.955	0.0732891
6.96	0.0732364
6.965	0.0731838
6.97	0.0731313
6.975	0.0730789
6.98	0.0730265
6.985	0.0729742
6.99	0.072922
6.995	0.0728698
7	0.0728178
7.005	0.0727658
7.01	0.0727139
7.015	0.072662
7.02	0.0726102
7.025	0.0725585
7.03	0.0725069
7.035	0.0724554
7.04	0.0724039
7.045	0.0723525
7.05	0.0723012
7.055	0.0722499
7.06	0.0721987
7.065	0.0721476
7.07	0.0720965
7.075	0.0720456
7.08	0.0719947
7.085	0.0719439
7.09	0.0718931
7.095	0.0718424
7.1	0.0717918
7.105	0.0717413
7.11	0.0716908
7.115	0.0716404
7.12	0.0715901
7.125	0.0715398
7.13	0.0714896
7.135	0.0714395
7.14	0.0713895
7.145	0.0713395
7.15	0.0712896
7.155	0.0712397
7.16	0.07119
7.165	0.0711403
7.17	0.0710907
7.175	0.0710411
7.18	0.0709916
7.185	0.0709422
7.19	0.0708928
7.195	0.0708436
7.2	0.0707943
7.205	0.0707452
7.21	0.0706961
7.215	0.0706471
7.22	0.0705982
7.225	0.0705493
7.23	0.0705005
7.235	0.0704517
7.24	0.0704031
7.245	0.0703545
7.25	0.0703059
7.255	0.0702575
7.26	0.0702091
7.265	0.0701607
7.27	0.0701124
7.275	0.0700642
7.28	0.0700161
7.285	0.069968
7.29	0.06992
7.295	0.0698721
7.3	0.0698242
7.305	0.0697764
7.31	0.0697287
7.315	0.069681
7.32	0.0696334
7.325	0.0695858
7.33	0.0695383
7.335	0.0694909
7.34	0.0694436
7.345	0.0693963
7.35	0.069349
7.355	0.0693019
7.36	0.0692548
7.365	0.0692078
7.37	0.0691608
7.375	0.0691139
7.38	0.069067
7.385	0.0690203
7.39	0.0689735
7.395	0.0689269
7.4	0.0688803
7.405	0.0688338
7.41	0.0687873
7.415	0.0687409
7.42	0.0686946
7.425	0.0686483
7.43	0.0686021
7.435	0.0685559
7.44	0.0685099
7.445	0.0684638
7.45	0.0684179
7.455	0.068372
7.46	0.0683261
7.465	0.0682803
7.47	0.0682346
7.475	0.068189
7.48	0.0681434
7.485	0.0680978
7.49	0.0680524
7.495	0.0680069
7.5	0.0679616
7.505	0.0679163
7.51	0.0678711
7.515	0.0678259
7.52	0.0677808
7.525	0.0677357
7.53	0.0676907
7.535	0.0676458
7.54	0.0676009
7.545	0.0675561
7.55	0.0675114
7.555	0.0674667
7.56	0.067422
7.565	0.0673774
7.57	0.0673329
7.575	0.0672885
7.58	0.0672441
7.585	0.0671997
7.59	0.0671554
7.595	0.0671112
7.6	0.067067
7.605	0.0670229
7.61	0.0669789
7.615	0.0669349
7.62	0.066891
7.625	0.0668471
7.63	0.0668033
7.635	0.0667595
7.64	0.0667158
7.645	0.0666721
7.65	0.0666286
7.655	0.066585
7.66	0.0665415
7.665	0.0664981
7.67	0.0664548
7.675	0.0664114
7.68	0.0663682
7.685	0.066325
7.69	0.0662819
7.695	0.0662388
7.7	0.0661958
7.705	0.0661528
7.71	0.0661099
7.715	0.066067
7.72	0.0660242
7.725	0.0659815
7.73	0.0659388
7.735	0.0658961
7.74	0.0658535
7.745	0.065811
7.75	0.0657685
7.755	0.0657261
7.76	0.0656838
7.765	0.0656415
7.77	0.0655992
7.775	0.065557
7.78	0.0655149
7.785	0.0654728
7.79	0.0654307
7.795	0.0653887
7.8	0.0653468
7.805	0.0653049
7.81	0.0652631
7.815	0.0652213
7.82	0.0651796
7.825	0.065138
7.83	0.0650964
7.835	0.0650548
7.84	0.0650133
7.845	0.0649718
7.85	0.0649304
7.855	0.0648891
7.86	0.0648478
7.865	0.0648066
7.87	0.0647654
7.875	0.0647243
7.88	0.0646832
7.885	0.0646421
7.89	0.0646012
7.895	0.0645602
7.9	0.0645194
7.905	0.0644785
7.91	0.0644378
7.915	0.064397
7.92	0.0643564
7.925	0.0643158
7.93	0.0642752
7.935	0.0642347
7.94	0.0641942
7.945	0.0641538
7.95	0.0641134
7.955	0.0640731
7.96	0.0640329
7.965	0.0639927
7.97	0.0639525
7.975	0.0639124
7.98	0.0638723
7.985	0.0638323
7.99	0.0637924
7.995	0.0637525
8	0.0637126
8.005	0.0636728
8.01	0.063633
8.015	0.0635933
8.02	0.0635537
8.025	0.0635141
8.03	0.0634745
8.035	0.063435
8.04	0.0633955
8.045	0.0633561
8.05	0.0633167
8.055	0.0632774
8.06	0.0632382
8.065	0.0631989
8.07	0.0631598
8.075	0.0631207
8.08	0.0630816
8.085	0.0630426
8.09	0.0630036
8.095	0.0629647
8.1	0.0629258
8.105	0.0628869
8.11	0.0628482
8.115	0.0628094
8.12	0.0627707
8.125	0.0627321
8.13	0.0626935
8.135	0.062655
8.14	0.0626165
8.145	0.062578
8.15	0.0625396
8.155	0.0625013
8.16	0.0624629
8.165	0.0624247
8.17	0.0623865
8.175	0.0623483
8.18	0.0623102
8.185	0.0622721
8.19	0.0622341
8.195	0.0621961
8.2	0.0621581
8.205	0.0621203
8.21	0.0620824
8.215	0.0620446
8.22	0.0620069
8.225	0.0619692
8.23	0.0619315
8.235	0.0618939
8.24	0.0618563
8.245	0.0618188
8.25	0.0617813
8.255	0.0617439
8.26	0.0617065
8.265	0.0616692
8.27	0.0616319
8.275	0.0615946
8.28	0.0615574
8.285	0.0615202
8.29	0.0614831
8.295	0.061446
8.3	0.061409
8.305	0.061372
8.31	0.0613351
8.315	0.0612982
8.32	0.0612614
8.325	0.0612245
8.33	0.0611878
8.335	0.0611511
8.34	0.0611144
8.345	0.0610778
8.35	0.0610412
8.355	0.0610046
8.36	0.0609681
8.365	0.0609317
8.37	0.0608953
8.375	0.0608589
8.38	0.0608226
8.385	0.0607863
8.39	0.0607501
8.395	0.0607139
8.4	0.0606777
8.405	0.0606416
8.41	0.0606056
8.415	0.0605695
8.42	0.0605336
8.425	0.0604976
8.43	0.0604617
8.435	0.0604259
8.44	0.0603901
8.445	0.0603543
8.45	0.0603186
8.455	0.0602829
8.46	0.0602473
8.465	0.0602117
8.47	0.0601761
8.475	0.0601406
8.48	0.0601051
8.485	0.0600697
8.49	0.0600343
8.495	0.059999
8.5	0.0599637
8.505	0.0599284
8.51	0.0598932
8.515	0.059858
8.52	0.0598229
8.525	0.0597878
8.53	0.0597527
8.535	0.0597177
8.54	0.0596827
8.545	0.0596478
8.55	0.0596129
8.555	0.059578
8.56	0.0595432
8.565	0.0595085
8.57	0.0594737
8.575	0.059439
8.58	0.0594044
8.585	0.0593698
8.59	0.0593352
8.595	0.0593007
8.6	0.0592662
8.605	0.0592317
8.61	0.0591973
8.615	0.059163
8.62	0.0591286
8.625	0.0590944
8.63	0.0590601
8.635	0.0590259
8.64	0.0589917
8.645	0.0589576
8.65	0.0589235
8.655	0.0588895
8.66	0.0588554
8.665	0.0588215
8.67	0.0587875
8.675	0.0587536
8.68	0.0587198
8.685	0.058686
8.69	0.0586522
8.695	0.0586185
8.7	0.0585848
8.705	0.0585511
8.71	0.0585175
8.715	0.0584839
8.72	0.0584504
8.725	0.0584169
8.73	0.0583834
8.735	0.05835
8.74	0.0583166
8.745	0.0582832
8.75	0.0582499
8.755	0.0582166
8.76	0.0581834
8.765	0.0581502
8.77	0.058117
8.775	0.0580839
8.78	0.0580508
8.785	0.0580178
8.79	0.0579847
8.795	0.0579518
8.8	0.0579188
8.805	0.0578859
8.81	0.0578531
8.815	0.0578202
8.82	0.0577875
8.825	0.0577547
8.83	0.057722
8.835	0.0576893
8.84	0.0576567
8.845	0.0576241
8.85	0.0575915
8.855	0.057559
8.86	0.0575265
8.865	0.057494
8.87	0.0574616
8.875	0.0574292
8.88	0.0573969
8.885	0.0573646
8.89	0.0573323
8.895	0.0573001
8.9	0.0572679
8.905	0.0572357
8.91	0.0572036
8.915	0.0571715
8.92	0.0571394
8.925	0.0571074
8.93	0.0570754
8.935	0.0570435
8.94	0.0570116
8.945	0.0569797
8.95	0.0569478
8.955	0.056916
8.96	0.0568843
8.965	0.0568525
8.97	0.0568208
8.975	0.0567892
8.98	0.0567575
8.985	0.0567259
8.99	0.0566944
8.995	0.0566629
9	0.0566314
9.005	0.0565999
9.01	0.0565685
9.015	0.0565371
9.02	0.0565058
9.025	0.0564745
9.03	0.0564432
9.035	0.0564119
9.04	0.0563807
9.045	0.0563495
9.05	0.0563184
9.055	0.0562873
9.06	0.0562562
9.065	0.0562252
9.07	0.0561942
9.075	0.0561632
9.08	0.0561323
9.085	0.0561014
9.09	0.0560705
9.095	0.0560397
9.1	0.0560089
9.105	0.0559781
9.11	0.0559474
9.115	0.0559167
9.12	0.055886
9.125	0.0558554
9.13	0.0558248
9.135	0.0557942
9.14	0.0557637
9.145	0.0557332
9.15	0.0557027
9.155	0.0556723
9.16	0.0556419
9.165	0.0556115
9.17	0.0555812
9.175	0.0555509
9.18	0.0555206
9.185	0.0554904
9.19	0.0554602
9.195	0.05543
9.2	0.0553999
9.205	0.0553698
9.21	0.0553397
9.215	0.0553097
9.22	0.0552797
9.225	0.0552497
9.23	0.0552198
9.235	0.0551899
9.24	0.05516
9.245	0.0551302
9.25	0.0551004
9.255	0.0550706
9.26	0.0550408
9.265	0.0550111
9.27	0.0549814
9.275	0.0549518
9.28	0.0549222
9.285	0.0548926
9.29	0.054863
9.295	0.0548335
9.3	0.054804
9.305	0.0547746
9.31	0.0547452
9.315	0.0547158
9.32	0.0546864
9.325	0.0546571
9.33	0.0546278
9.335	0.0545985
9.34	0.0545693
9.345	0.0545401
9.35	0.0545109
9.355	0.0544817
9.36	0.0544526
9.365	0.0544235
9.37	0.0543945
9.375	0.0543655
9.38	0.0543365
9.385	0.0543075
9.39	0.0542786
9.395	0.0542497
9.4	0.0542208
9.405	0.054192
9.41	0.0541632
9.415	0.0541344
9.42	0.0541057
9.425	0.054077
9.43	0.0540483
9.435	0.0540197
9.44	0.053991
9.445	0.0539624
9.45	0.0539339
9.455	0.0539054
9.46	0.0538769
9.465	0.0538484
9.47	0.0538199
9.475	0.0537915
9.48	0.0537632
9.485	0.0537348
9.49	0.0537065
9.495	0.0536782
9.5	0.0536499
9.505	0.0536217
9.51	0.0535935
9.515	0.0535653
9.52	0.0535372
9.525	0.0535091
9.53	0.053481
9.535	0.053453
9.54	0.0534249
9.545	0.0533969
9.55	0.053369
9.555	0.053341
9.56	0.0533131
9.565	0.0532853
9.57	0.0532574
9.575	0.0532296
9.58	0.0532018
9.585	0.053174
9.59	0.0531463
9.595	0.0531186
9.6	0.0530909
9.605	0.0530633
9.61	0.0530357
9.615	0.0530081
9.62	0.0529805
9.625	0.052953
9.63	0.0529255
9.635	0.052898
9.64	0.0528706
9.645	0.0528432
9.65	0.0528158
9.655	0.0527884
9.66	0.0527611
9.665	0.0527338
9.67	0.0527065
9.675	0.0526793
9.68	0.052652
9.685	0.0526249
9.69	0.0525977
9.695	0.0525706
9.7	0.0525435
9.705	0.0525164
9.71	0.0524893
9.715	0.0524623
9.72	0.0524353
9.725	0.0524083
9.73	0.0523814
9.735	0.0523545
9.74	0.0523276
9.745	0.0523008
9.75	0.0522739
9.755	0.0522471
9.76	0.0522204
9.765	0.0521936
9.77	0.0521669
9.775	0.0521402
9.78	0.0521135
9.785	0.0520869
9.79	0.0520603
9.795	0.0520337
9.8	0.0520072
9.805	0.0519806
9.81	0.0519541
9.815	0.0519277
9.82	0.0519012
9.825	0.0518748
9.83	0.0518484
9.835	0.051822
9.84	0.0517957
9.845	0.0517694
9.85	0.0517431
9.855	0.0517168
9.86	0.0516906
9.865	0.0516644
9.87	0.0516382
9.875	0.0516121
9.88	0.0515859
9.885	0.0515598
9.89	0.0515338
9.895	0.0515077
9.9	0.0514817
9.905	0.0514557
9.91	0.0514297
9.915	0.0514038
9.92	0.0513779
9.925	0.051352
9.93	0.0513261
9.935	0.0513003
9.94	0.0512745
9.945	0.0512487
9.95	0.0512229
9.955	0.0511972
9.96	0.0511715
9.965	0.0511458
9.97	0.0511201
9.975	0.0510945
9.98	0.0510689
9.985	0.0510433
9.99	0.0510178
9.995	0.0509922
10	0.0509667
