0.005	8.36011e-15
0.01	2.22936e-14
0.015	1.48624e-14
0.02	0
0.025	8.91745e-15
0.03	7.43121e-15
0.035	6.36961e-15
0.04	5.57341e-15
0.045	9.90828e-15
0.05	2.22936e-14
0.055	8.10678e-15
0.06	9.28901e-15
0.065	1.54341e-14
0.07	0
0.075	7.43121e-15
0.08	0
0.085	0
0.09	0
0.095	1.17335e-14
0.1	8.91745e-15
0.105	1.69856e-14
0.11	8.10677e-15
0.115	7.75431e-15
0.12	3.71561e-15
0.125	1.07009e-14
0.13	6.85958e-15
0.135	1.3211e-14
0.14	1.11468e-14
0.145	4.61248e-15
0.15	1.18899e-14
0.155	1.4383e-15
0.16	1.11468e-14
0.165	1.0809e-14
0.17	0
0.175	1.01914e-14
0.18	0
0.185	0
0.19	9.38679e-15
0.195	4.57305e-15
0.2	4.45873e-15
0.205	0
0.21	1.69856e-14
0.215	4.14765e-15
0.22	1.62135e-14
0.225	3.96331e-15
0.23	3.87715e-15
0.235	1.51786e-14
0.24	7.43121e-15
0.245	7.27955e-15
0.25	0
0.255	3.49704e-15
0.26	6.85958e-15
0.265	6.73015e-15
0.27	1.3211e-14
0.275	6.48542e-15
0.28	1.27392e-14
0.285	6.25786e-15
0.29	0
0.295	6.04573e-15
0.3	0
0.305	0
0.31	5.75319e-15
0.315	1.69856e-14
0.32	0
0.325	1.09753e-14
0.33	2.16181e-14
0.335	1.06477e-14
0.34	0
0.345	1.03391e-14
0.35	2.03827e-14
0.355	1.00478e-14
0.36	9.90828e-15
0.365	1.95451e-14
0.37	0
0.375	9.51195e-15
0.38	9.38679e-15
0.385	9.26488e-15
0.39	1.82922e-14
0.395	1.80607e-14
0.4	0
0.405	0
0.41	8.69995e-15
0.415	0
0.42	1.69856e-14
0.425	8.39289e-15
0.43	8.2953e-15
0.435	8.19995e-15
0.44	0
0.445	8.01568e-15
0.45	1.58532e-14
0.455	0
0.46	1.55086e-14
0.465	0
0.47	1.51786e-14
0.475	0
0.48	7.43121e-15
0.485	7.3546e-15
0.49	7.27955e-15
0.495	7.20602e-15
0.5	0
0.505	7.06332e-15
0.51	1.39882e-14
0.515	0
0.52	1.37191e-14
0.525	6.79424e-15
0.53	0
0.535	1.33345e-14
0.54	0
0.545	1.30898e-14
0.55	6.48542e-15
0.555	6.42699e-15
0.56	0
0.565	0
0.57	0
0.575	0
0.58	0
0.585	0
0.59	6.04573e-15
0.595	1.19898e-14
0.6	1.18899e-14
0.605	5.89583e-15
0.61	0
0.615	5.79996e-15
0.62	1.72596e-14
0.625	1.14143e-14
0.63	1.69856e-14
0.635	1.12346e-14
0.64	1.11468e-14
0.645	1.10604e-14
0.65	5.48766e-15
0.655	1.08915e-14
0.66	1.62135e-14
0.665	0
0.67	5.32385e-15
0.675	5.28441e-15
0.68	0
0.685	0
0.69	0
0.695	0
0.7	5.09568e-15
0.705	5.05954e-15
0.71	0
0.715	0
0.72	0
0.725	0
0.73	9.77254e-15
0.735	9.70606e-15
0.74	9.64048e-15
0.745	0
0.75	0
0.755	9.44895e-15
0.76	0
0.765	1.86509e-14
0.77	4.63244e-15
0.775	4.60255e-15
0.78	4.57305e-15
0.785	4.54392e-15
0.79	9.03032e-15
0.795	1.79471e-14
0.8	1.78349e-14
0.805	8.86205e-15
0.81	0
0.815	1.313e-14
0.82	1.30499e-14
0.825	1.72944e-14
0.83	1.71902e-14
0.835	0
0.84	2.54784e-14
0.845	8.44255e-15
0.85	8.39289e-15
0.855	8.34381e-15
0.86	1.24429e-14
0.865	1.2371e-14
0.87	1.63999e-14
0.875	1.22296e-14
0.88	4.05338e-15
0.885	0
0.89	0
0.895	0
0.9	3.96331e-15
0.905	3.94141e-15
0.91	7.83951e-15
0.915	1.1695e-14
0.92	1.16314e-14
0.925	1.54248e-14
0.93	7.67092e-15
0.935	7.6299e-15
0.94	0
0.945	1.50983e-14
0.95	1.50188e-14
0.955	7.47011e-15
0.96	1.8578e-14
0.965	1.1089e-14
0.97	0
0.975	1.46337e-14
0.98	7.27954e-15
0.985	3.6213e-15
0.99	7.20601e-15
0.995	0
1	0
1.005	3.54923e-15
1.01	3.53166e-15
1.015	3.51426e-15
1.02	6.99407e-15
1.025	0
1.03	1.38523e-14
1.035	1.03391e-14
1.04	1.02894e-14
1.045	3.41337e-15
1.05	3.39712e-15
1.055	6.76204e-15
1.06	0
1.065	1.00478e-14
1.07	3.33362e-15
1.075	3.31812e-15
1.08	6.60551e-15
1.085	6.57507e-15
1.09	6.54491e-15
1.095	6.51502e-15
1.1	3.2427e-15
1.105	3.22803e-15
1.11	6.42698e-15
1.115	7.9977e-15
1.12	6.3696e-15
1.125	1.26826e-14
1.13	3.15662e-15
1.135	9.42813e-15
1.14	3.12893e-15
1.145	0
1.15	6.20343e-15
1.155	1.23532e-14
1.16	9.22494e-15
1.165	9.18534e-15
1.17	3.0487e-15
1.175	6.07145e-15
1.18	6.04572e-15
1.185	1.20404e-14
1.19	2.99746e-15
1.195	8.95475e-15
1.2	8.91744e-15
1.205	5.92029e-15
1.21	5.89583e-15
1.215	8.80734e-15
1.22	5.8475e-15
1.225	8.73545e-15
1.23	1.44999e-14
1.235	2.88824e-15
1.24	8.62978e-15
1.245	0
1.25	8.56074e-15
1.255	2.27377e-14
1.26	1.41547e-14
1.265	2.81974e-15
1.27	1.12346e-14
1.275	1.67858e-14
1.28	1.67202e-14
1.285	1.66551e-14
1.29	5.53019e-15
1.295	5.50884e-15
1.3	1.6463e-14
1.305	0
1.31	2.1783e-14
1.315	1.08501e-14
1.32	1.0809e-14
1.325	0
1.33	2.14555e-14
1.335	2.67189e-14
1.34	0
1.345	2.65203e-14
1.35	2.6422e-14
1.355	2.10596e-14
1.36	1.04911e-14
1.365	1.04527e-14
1.37	2.0829e-14
1.375	1.5565e-14
1.38	7.75429e-15
1.385	1.54526e-14
1.39	3.0794e-14
1.395	2.55697e-14
1.4	2.03827e-14
1.405	2.03102e-14
1.41	1.01191e-14
1.415	2.01666e-14
1.42	3.01434e-14
1.425	2.00251e-14
1.43	1.99551e-14
1.435	1.98856e-14
1.44	1.48624e-14
1.445	4.93699e-15
1.45	9.83993e-15
1.455	1.96122e-14
1.46	9.77253e-15
1.465	9.73918e-15
1.47	1.94121e-14
1.475	9.67315e-15
1.48	0
1.485	9.60801e-15
1.49	1.91515e-14
1.495	1.90875e-14
1.5	4.75596e-15
1.505	1.42205e-14
1.51	9.44893e-15
1.515	0
1.52	1.87735e-14
1.525	9.35599e-15
1.53	9.32542e-15
1.535	1.85901e-14
1.54	1.85297e-14
1.545	3.69395e-14
1.55	1.84102e-14
1.555	1.8351e-14
1.56	1.82922e-14
1.565	1.82337e-14
1.57	2.72635e-14
1.575	1.8118e-14
1.58	9.03031e-15
1.585	0
1.59	8.97352e-15
1.595	8.94539e-15
1.6	1.78349e-14
1.605	8.88965e-15
1.61	0
1.615	8.83461e-15
1.62	0
1.625	8.78024e-15
1.63	1.75066e-14
1.635	8.72654e-15
1.64	0
1.645	0
1.65	8.64721e-15
1.655	8.62108e-15
1.66	1.71902e-14
1.665	0
1.67	0
1.675	1.70363e-14
1.68	2.54784e-14
1.685	2.54028e-14
1.69	2.53276e-14
1.695	2.52529e-14
1.7	2.51786e-14
1.705	1.67365e-14
1.71	8.34379e-15
1.715	2.49584e-14
1.72	3.31811e-14
1.725	3.3085e-14
1.73	1.64947e-14
1.735	1.64471e-14
1.74	1.63999e-14
1.745	1.63529e-14
1.75	1.63062e-14
1.755	1.62597e-14
1.76	2.43203e-14
1.765	2.42514e-14
1.77	1.61219e-14
1.775	1.60765e-14
1.78	8.01567e-15
1.785	7.99321e-15
1.79	1.59418e-14
1.795	0
1.8	7.9266e-15
1.805	1.58093e-14
1.81	0
1.815	0
1.82	0
1.825	0
1.83	0
1.835	1.55508e-14
1.84	7.75428e-15
1.845	7.73327e-15
1.85	1.54247e-14
1.855	0
1.86	1.53418e-14
1.865	1.53007e-14
1.87	7.62988e-15
1.875	7.60954e-15
1.88	7.5893e-15
1.885	1.51383e-14
1.89	0
1.895	1.50585e-14
1.9	7.50941e-15
1.905	7.4897e-15
1.91	0
1.915	1.49012e-14
1.92	2.22936e-14
1.925	2.22357e-14
1.93	2.21781e-14
1.935	2.21207e-14
1.94	1.47092e-14
1.945	1.46713e-14
1.95	1.46337e-14
1.955	7.29815e-15
1.96	1.45591e-14
1.965	2.9044e-14
1.97	2.17277e-14
1.975	7.22424e-15
1.98	1.4412e-14
1.985	1.43757e-14
1.99	7.16979e-15
1.995	1.43036e-14
2	2.14018e-14
2.005	2.13484e-14
2.01	2.12953e-14
2.015	7.08083e-15
2.02	7.06331e-15
2.025	7.04587e-15
2.03	7.02851e-15
2.035	1.40225e-14
2.04	1.39881e-14
2.045	0
2.05	6.95994e-15
2.055	6.94301e-15
2.06	1.38523e-14
2.065	6.90938e-15
2.07	1.37854e-14
2.075	1.37522e-14
2.08	6.85956e-15
2.085	1.36862e-14
2.09	1.36535e-14
2.095	1.36209e-14
2.1	2.03827e-14
2.105	1.35562e-14
2.11	0
2.115	6.74604e-15
2.12	2.01904e-14
2.125	1.34286e-14
2.13	6.69853e-15
2.135	1.33657e-14
2.14	6.66723e-15
2.145	1.33034e-14
2.15	6.63622e-15
2.155	0
2.16	0
2.165	0
2.17	6.57506e-15
2.175	6.55994e-15
2.18	6.5449e-15
2.185	6.52992e-15
2.19	0
2.195	1.30003e-14
2.2	0
2.205	6.47069e-15
2.21	6.45605e-15
2.215	6.44148e-15
2.22	0
2.225	0
2.23	6.39815e-15
2.235	1.91515e-14
2.24	1.27392e-14
2.245	6.3554e-15
2.25	1.26826e-14
2.255	1.89817e-14
2.26	1.26264e-14
2.265	6.29928e-15
2.27	1.25708e-14
2.275	6.27159e-15
2.28	1.25157e-14
2.285	1.24883e-14
2.29	1.2461e-14
2.295	1.24339e-14
2.3	1.86103e-14
2.305	1.23799e-14
2.31	1.23531e-14
2.315	1.23265e-14
2.32	6.14995e-15
2.325	6.13672e-15
2.33	1.22471e-14
2.335	2.44418e-14
2.34	1.82921e-14
2.345	1.21688e-14
2.35	0
2.355	6.05854e-15
2.36	0
2.365	1.20659e-14
2.37	6.0202e-15
2.375	0
2.38	5.9949e-15
2.385	0
2.39	0
2.395	0
2.4	5.94495e-15
2.405	5.93259e-15
2.41	1.18406e-14
2.415	0
2.42	5.89581e-15
2.425	0
2.43	5.87155e-15
2.435	5.8595e-15
2.44	0
2.445	5.83553e-15
2.45	5.82362e-15
2.455	5.81176e-15
2.46	5.79995e-15
2.465	5.78818e-15
2.47	1.15529e-14
2.475	5.7648e-15
2.48	1.15063e-14
2.485	1.14832e-14
2.49	5.73007e-15
2.495	1.14372e-14
2.5	5.70715e-15
2.505	1.70873e-14
2.51	0
2.515	0
2.52	5.66185e-15
2.525	0
2.53	1.69184e-14
2.535	1.12567e-14
2.54	1.12345e-14
2.545	2.24249e-14
2.55	0
2.555	0
2.56	2.22935e-14
2.565	1.1125e-14
2.57	2.22068e-14
2.575	1.10818e-14
2.58	1.10604e-14
2.585	0
2.59	0
2.595	1.09964e-14
2.6	3.29258e-14
2.605	2.19084e-14
2.61	1.09332e-14
2.615	1.09123e-14
2.62	1.08915e-14
2.625	1.08708e-14
2.63	1.08501e-14
2.635	0
2.64	0
2.645	1.07886e-14
2.65	2.15364e-14
2.655	1.07479e-14
2.66	1.07277e-14
2.665	0
2.67	1.06875e-14
2.675	2.13351e-14
2.68	0
2.685	0
2.69	2.12162e-14
2.695	2.11768e-14
2.7	1.05688e-14
2.705	1.05493e-14
2.71	2.10596e-14
2.715	2.10208e-14
2.72	1.04911e-14
2.725	1.04718e-14
2.73	1.04526e-14
2.735	1.04335e-14
2.74	0
2.745	1.03955e-14
2.75	1.03766e-14
2.755	2.07156e-14
2.76	2.06781e-14
2.765	2.06407e-14
2.77	1.03017e-14
2.775	1.02831e-14
2.78	0
2.785	1.02462e-14
2.79	0
2.795	2.04191e-14
2.8	2.03827e-14
2.805	1.01732e-14
2.81	1.01551e-14
2.815	2.0274e-14
2.82	4.04762e-14
2.825	1.01011e-14
2.83	1.00833e-14
2.835	2.0131e-14
2.84	3.01434e-14
2.845	1.00301e-14
2.85	0
2.855	9.995e-15
2.86	2.99326e-14
2.865	9.96011e-15
2.87	1.98855e-14
2.875	0
2.88	1.98165e-14
2.885	0
2.89	9.87395e-15
2.895	9.8569e-15
2.9	1.96798e-14
2.905	9.82297e-15
2.91	0
2.915	9.78927e-15
2.92	9.77251e-15
2.925	9.7558e-15
2.93	9.73915e-15
2.935	9.72256e-15
2.94	1.94121e-14
2.945	9.68955e-15
2.95	0
2.955	1.93135e-14
2.96	1.92809e-14
2.965	9.62419e-15
2.97	1.9216e-14
2.975	9.59184e-15
2.98	9.57574e-15
2.985	0
2.99	9.54372e-15
2.995	9.52778e-15
3	0
3.005	1.89922e-14
3.01	9.4803e-15
3.015	9.46458e-15
3.02	9.44891e-15
3.025	1.88666e-14
3.03	9.41773e-15
3.035	0
3.04	9.38675e-15
3.045	9.37133e-15
3.05	0
3.055	9.34066e-15
3.06	1.86508e-14
3.065	1.86204e-14
3.07	9.29502e-15
3.075	9.27991e-15
3.08	9.26484e-15
3.085	9.24983e-15
3.09	9.23486e-15
3.095	1.84399e-14
3.1	0
3.105	0
3.11	0
3.115	9.16074e-15
3.12	9.14606e-15
3.125	9.13143e-15
3.13	0
3.135	0
3.14	1.81756e-14
3.145	9.07336e-15
3.15	9.05895e-15
3.155	9.0446e-15
3.16	9.03029e-15
3.165	1.8032e-14
3.17	9.0018e-15
3.175	8.98762e-15
3.18	8.97349e-15
3.185	8.95941e-15
3.19	1.78907e-14
3.195	0
3.2	0
3.205	1.7807e-14
3.21	1.77793e-14
3.215	1.77516e-14
3.22	8.86202e-15
3.225	0
3.23	8.83458e-15
3.235	8.82093e-15
3.24	8.80732e-15
3.245	8.79375e-15
3.25	1.75604e-14
3.255	1.75335e-14
3.26	8.75328e-15
3.265	0
3.27	0
3.275	8.71319e-15
3.28	8.69991e-15
3.285	0
3.29	0
3.295	1.73206e-14
3.3	8.64718e-15
3.305	1.72682e-14
3.31	8.62106e-15
3.315	8.60805e-15
3.32	1.71902e-14
3.325	0
3.33	8.56928e-15
3.335	8.55643e-15
3.34	0
3.345	2.55926e-14
3.35	8.51812e-15
3.355	8.50542e-15
3.36	1.69855e-14
3.365	3.39206e-14
3.37	8.46757e-15
3.375	8.45502e-15
3.38	0
3.385	2.52901e-14
3.39	8.41761e-15
3.395	8.40521e-15
3.4	1.67857e-14
3.405	2.51416e-14
3.41	8.36824e-15
3.415	1.6712e-14
3.42	1.66875e-14
3.425	3.33264e-14
3.43	8.31944e-15
3.435	8.30733e-15
3.44	1.65905e-14
3.445	1.65664e-14
3.45	0
3.455	1.65185e-14
3.46	1.64946e-14
3.465	8.23541e-15
3.47	8.22354e-15
3.475	1.64234e-14
3.48	0
3.485	0
3.49	0
3.495	8.16472e-15
3.5	1.63061e-14
3.505	0
3.51	1.62597e-14
3.515	8.11826e-15
3.52	1.62135e-14
3.525	2.42857e-14
3.53	8.08377e-15
3.535	8.07233e-15
3.54	1.61219e-14
3.545	8.04956e-15
3.55	8.03822e-15
3.555	8.02692e-15
3.56	1.60313e-14
3.565	0
3.57	1.59864e-14
3.575	7.98201e-15
3.58	0
3.585	1.59195e-14
3.59	1.58973e-14
3.595	0
3.6	0
3.605	0
3.61	7.90462e-15
3.615	2.36811e-14
3.62	1.57656e-14
3.625	1.57438e-14
3.63	7.86107e-15
3.635	1.57005e-14
3.64	7.83947e-15
3.645	1.56574e-14
3.65	7.818e-15
3.655	7.8073e-15
3.66	1.55933e-14
3.665	1.5572e-14
3.67	1.55508e-14
3.675	7.76481e-15
3.68	1.55085e-14
3.685	0
3.69	7.73325e-15
3.695	1.54456e-14
3.7	7.71235e-15
3.705	1.54039e-14
3.71	7.69156e-15
3.715	0
3.72	0
3.725	7.66059e-15
3.73	1.53006e-14
3.735	1.52802e-14
3.74	1.52597e-14
3.745	7.61967e-15
3.75	0
3.755	7.59938e-15
3.76	7.58928e-15
3.765	7.5792e-15
3.77	1.51383e-14
3.775	1.51182e-14
3.78	7.54912e-15
3.785	0
3.79	1.50584e-14
3.795	1.50386e-14
3.8	1.50188e-14
3.805	1.4999e-14
3.81	7.48968e-15
3.815	7.47986e-15
3.82	7.47007e-15
3.825	7.46031e-15
3.83	1.49011e-14
3.835	7.44085e-15
3.84	7.43117e-15
3.845	7.4215e-15
3.85	7.41186e-15
3.855	7.40225e-15
3.86	1.47853e-14
3.865	1.47662e-14
3.87	0
3.875	0
3.88	7.35456e-15
3.885	0
3.89	1.46713e-14
3.895	1.46525e-14
3.9	1.46337e-14
3.905	7.30747e-15
3.91	7.29813e-15
3.915	7.28881e-15
3.92	7.27951e-15
3.925	7.27024e-15
3.93	2.1783e-14
3.935	0
3.94	1.44851e-14
3.945	7.23338e-15
3.95	2.16727e-14
3.955	7.21509e-15
3.96	1.4412e-14
3.965	7.19689e-15
3.97	1.43757e-14
3.975	7.17879e-15
3.98	7.16977e-15
3.985	1.43215e-14
3.99	1.43036e-14
3.995	0
4	7.13392e-15
4.005	7.12501e-15
4.01	2.13484e-14
4.015	7.10726e-15
4.02	1.41968e-14
4.025	7.08961e-15
4.03	1.41616e-14
4.035	7.07204e-15
4.04	7.06328e-15
4.045	1.41091e-14
4.05	1.40917e-14
4.055	7.03716e-15
4.06	7.02849e-15
4.065	7.01984e-15
4.07	7.01122e-15
4.075	0
4.08	6.99404e-15
4.085	8.73184e-15
4.09	0
4.095	0
4.1	1.73998e-15
4.105	6.95144e-15
4.11	0
4.115	2.08036e-14
4.12	6.92613e-15
4.125	6.91774e-15
4.13	0
4.135	0
4.14	6.89267e-15
4.145	1.37687e-14
4.15	1.37521e-14
4.155	6.86779e-15
4.16	0
4.165	6.8513e-15
4.17	0
4.175	0
4.18	0
4.185	6.81856e-15
4.19	6.81042e-15
4.195	0
4.2	6.7942e-15
4.205	6.78613e-15
4.21	1.35561e-14
4.215	1.35401e-14
4.22	6.762e-15
4.225	1.3508e-14
4.23	0
4.235	6.73805e-15
4.24	6.73011e-15
4.245	6.72218e-15
4.25	6.71427e-15
4.255	6.70638e-15
4.26	0
4.265	0
4.27	1.33656e-14
4.275	1.335e-14
4.28	1.33344e-14
4.285	1.33189e-14
4.29	6.65167e-15
4.295	0
4.3	1.32724e-14
4.305	1.3257e-14
4.31	6.6208e-15
4.315	6.61313e-15
4.32	0
4.325	0
4.33	1.31804e-14
4.335	1.97479e-14
4.34	0
4.345	0
4.35	6.55992e-15
4.355	0
4.36	0
4.365	6.53738e-15
4.37	0
4.375	6.52243e-15
4.38	6.51499e-15
4.385	1.30151e-14
4.39	1.30003e-14
4.395	1.29855e-14
4.4	1.29708e-14
4.405	0
4.41	0
4.415	0
4.42	0
4.425	1.28975e-14
4.43	0
4.435	1.28684e-14
4.44	6.42695e-15
4.445	6.41972e-15
4.45	1.2825e-14
4.455	0
4.46	6.39813e-15
4.465	6.39096e-15
4.47	1.27676e-14
4.475	2.55067e-14
4.48	1.27391e-14
4.485	1.27249e-14
4.49	6.35538e-15
4.495	2.53932e-14
4.5	6.34125e-15
4.505	1.26684e-14
4.51	6.32719e-15
4.515	1.89606e-14
4.52	0
4.525	1.26124e-14
4.53	0
4.535	1.25846e-14
4.54	6.28538e-15
4.545	1.25569e-14
4.55	6.27157e-15
4.555	2.50587e-14
4.56	1.25156e-14
4.565	1.25019e-14
4.57	6.24412e-15
4.575	1.24746e-14
4.58	0
4.585	1.24474e-14
4.59	0
4.595	6.21015e-15
4.6	0
4.605	1.23933e-14
4.61	6.18994e-15
4.615	6.18324e-15
4.62	6.17655e-15
4.625	6.16987e-15
4.63	1.23264e-14
4.635	6.15656e-15
4.64	1.84498e-14
4.645	1.22866e-14
4.65	1.22734e-14
4.655	6.13011e-15
4.66	0
4.665	6.11696e-15
4.67	6.11042e-15
4.675	6.10388e-15
4.68	1.21947e-14
4.685	0
4.69	0
4.695	1.21558e-14
4.7	1.21428e-14
4.705	0
4.71	0
4.715	1.21042e-14
4.72	0
4.725	1.81179e-14
4.73	6.0329e-15
4.735	1.20531e-14
4.74	1.20404e-14
4.745	1.20277e-14
4.75	1.2015e-14
4.755	0
4.76	0
4.765	5.98859e-15
4.77	5.98231e-15
4.775	5.97605e-15
4.78	5.9698e-15
4.785	5.96356e-15
4.79	0
4.795	0
4.8	5.94492e-15
4.805	1.18775e-14
4.81	5.93256e-15
4.815	1.18528e-14
4.82	0
4.825	5.91412e-15
4.83	0
4.835	0
4.84	5.89579e-15
4.845	5.88971e-15
4.85	0
4.855	5.87758e-15
4.86	5.87153e-15
4.865	1.75965e-14
4.87	1.17189e-14
4.875	1.17069e-14
4.88	5.84746e-15
4.885	5.84148e-15
4.89	5.83551e-15
4.895	1.16591e-14
4.9	1.16472e-14
4.905	5.81766e-15
4.91	5.81174e-15
4.915	0
4.92	0
4.925	0
4.93	5.78816e-15
4.935	0
4.94	1.73293e-14
4.945	5.7706e-15
4.95	1.15295e-14
4.955	1.15179e-14
4.96	1.15063e-14
4.965	0
4.97	1.14831e-14
4.975	5.7358e-15
4.98	5.73005e-15
4.985	1.14486e-14
4.99	5.71856e-15
4.995	0
5	1.14142e-14
5.005	1.71043e-14
5.01	0
5.015	5.69005e-15
5.02	0
5.025	0
5.03	0
5.035	1.70024e-14
5.04	2.26473e-14
5.045	1.13124e-14
5.05	2.26025e-14
5.055	5.64503e-15
5.06	1.69184e-14
5.065	1.12678e-14
5.07	0
5.075	1.12456e-14
5.08	3.37035e-14
5.085	3.36703e-14
5.09	2.24248e-14
5.095	3.36043e-14
5.1	3.35713e-14
5.105	2.2359e-14
5.11	0
5.115	1.11576e-14
5.12	1.11467e-14
5.125	2.22717e-14
5.13	2.225e-14
5.135	3.33425e-14
5.14	3.33101e-14
5.145	0
5.15	2.21636e-14
5.155	2.21421e-14
5.16	1.10603e-14
5.165	2.20992e-14
5.17	1.10389e-14
5.175	3.30848e-14
5.18	1.10176e-14
5.185	1.1007e-14
5.19	1.09964e-14
5.195	2.19716e-14
5.2	0
5.205	2.19294e-14
5.21	1.64313e-14
5.215	2.18873e-14
5.22	2.18664e-14
5.225	0
5.23	1.09123e-14
5.235	0
5.24	0
5.245	0
5.25	0
5.255	0
5.26	0
5.265	1.08397e-14
5.27	2.16589e-14
5.275	1.08192e-14
5.28	2.70224e-15
5.285	1.07987e-14
5.29	0
5.295	1.07783e-14
5.3	1.07682e-14
5.305	2.1516e-14
5.31	3.22436e-14
5.315	0
5.32	3.2183e-14
5.325	3.21528e-14
5.33	1.07075e-14
5.335	2.1395e-14
5.34	1.06875e-14
5.345	0
5.35	3.20026e-14
5.355	1.06576e-14
5.36	0
5.365	1.06377e-14
5.37	1.06278e-14
5.375	0
5.38	2.12161e-14
5.385	2.11964e-14
5.39	0
5.395	0
5.4	1.05687e-14
5.405	1.0559e-14
5.41	0
5.415	0
5.42	0
5.425	3.15601e-14
5.43	2.10207e-14
5.435	0
5.44	1.0491e-14
5.445	2.09628e-14
5.45	1.04718e-14
5.455	2.09244e-14
5.46	1.04526e-14
5.465	1.0443e-14
5.47	2.0867e-14
5.475	2.08479e-14
5.48	1.04145e-14
5.485	1.0405e-14
5.49	2.0791e-14
5.495	0
5.5	2.07532e-14
5.505	1.03672e-14
5.51	1.03577e-14
5.515	0
5.52	2.0678e-14
5.525	2.06593e-14
5.53	0
5.535	1.0311e-14
5.54	0
5.545	2.05847e-14
5.55	2.05662e-14
5.555	1.02738e-14
5.56	2.05292e-14
5.565	3.07661e-14
5.57	2.04923e-14
5.575	2.0474e-14
5.58	2.04556e-14
5.585	1.02187e-14
5.59	2.0419e-14
5.595	1.02004e-14
5.6	3.05739e-14
5.605	3.05466e-14
5.61	0
5.615	0
5.62	0
5.625	1.0146e-14
5.63	2.0274e-14
5.635	4.05119e-14
5.64	0
5.645	1.011e-14
5.65	0
5.655	1.00922e-14
5.66	2.01665e-14
5.665	2.01487e-14
5.67	2.01309e-14
5.675	2.01132e-14
5.68	0
5.685	1.00389e-14
5.69	2.00602e-14
5.695	1.00213e-14
5.7	1.00125e-14
5.705	1.00037e-14
5.71	9.99495e-15
5.715	9.98621e-15
5.72	2.99324e-14
5.725	9.96877e-15
5.73	0
5.735	1.99028e-14
5.74	9.94271e-15
5.745	1.98681e-14
5.75	1.98508e-14
5.755	9.9168e-15
5.76	1.98164e-14
5.765	1.97992e-14
5.77	9.89102e-15
5.775	9.88245e-15
5.78	0
5.785	9.86537e-15
5.79	1.97137e-14
5.795	0
5.8	3.93594e-14
5.805	1.96628e-14
5.81	9.82292e-15
5.815	9.81447e-15
5.82	9.80604e-15
5.825	0
5.83	1.95784e-14
5.835	9.78083e-15
5.84	0
5.845	9.7641e-15
5.85	0
5.855	1.94948e-14
5.86	1.94782e-14
5.865	0
5.87	1.9445e-14
5.875	9.71424e-15
5.88	0
5.885	0
5.89	9.6895e-15
5.895	9.68128e-15
5.9	1.93462e-14
5.905	9.66489e-15
5.91	1.93134e-14
5.915	9.64855e-15
5.92	9.6404e-15
5.925	9.63226e-15
5.93	1.92483e-14
5.935	1.92321e-14
5.94	9.60794e-15
5.945	0
5.95	0
5.955	9.58374e-15
5.96	9.5757e-15
5.965	1.91353e-14
5.97	9.55966e-15
5.975	9.55166e-15
5.98	9.54367e-15
5.985	0
5.99	9.52774e-15
5.995	0
6	9.51186e-15
6.005	1.90079e-14
6.01	2.84881e-14
6.015	9.48814e-15
6.02	9.48026e-15
6.025	0
6.03	9.46454e-15
6.035	9.45669e-15
6.04	9.44887e-15
6.045	0
6.05	0
6.055	9.42546e-15
6.06	9.41768e-15
6.065	9.40992e-15
6.07	9.40217e-15
6.075	0
6.08	0
6.085	9.37899e-15
6.09	0
6.095	1.87272e-14
6.1	0
6.105	9.34826e-15
6.11	1.86812e-14
6.115	9.33298e-15
6.12	0
6.125	9.31774e-15
6.13	9.31014e-15
6.135	9.30255e-15
6.14	9.29497e-15
6.145	0
6.15	9.27986e-15
6.155	0
6.16	9.2648e-15
6.165	9.25728e-15
6.17	0
6.175	9.24229e-15
6.18	1.84696e-14
6.185	0
6.19	0
6.195	0
6.2	9.20502e-15
6.205	9.1976e-15
6.21	0
6.215	9.18281e-15
6.22	1.83508e-14
6.225	0
6.23	9.1607e-15
6.235	0
6.24	0
6.245	9.13869e-15
6.25	1.82628e-14
6.255	2.73722e-14
6.26	0
6.265	2.73286e-14
6.27	0
6.275	0
6.28	9.08776e-15
6.285	0
6.29	0
6.295	9.0661e-15
6.3	0
6.305	3.62069e-14
6.31	3.61782e-14
6.315	9.03739e-15
6.32	1.80605e-14
6.325	9.0231e-15
6.33	1.8032e-14
6.335	9.00886e-15
6.34	1.80035e-14
6.345	2.6984e-14
6.35	1.79752e-14
6.355	8.98051e-15
6.36	8.97345e-15
6.365	8.9664e-15
6.37	8.95936e-15
6.375	1.79047e-14
6.38	8.94532e-15
6.385	0
6.39	0
6.395	1.78487e-14
6.4	1.78347e-14
6.405	8.9104e-15
6.41	0
6.415	8.89651e-15
6.42	0
6.425	8.88266e-15
6.43	8.87576e-15
6.435	8.86886e-15
6.44	8.86197e-15
6.445	0
6.45	8.84823e-15
6.455	8.84138e-15
6.46	0
6.465	8.8277e-15
6.47	0
6.475	0
6.48	0
6.485	8.80048e-15
6.49	8.7937e-15
6.495	1.75739e-14
6.5	0
6.505	8.77342e-15
6.51	1.75334e-14
6.515	4.37998e-14
6.52	1.75065e-14
6.525	0
6.53	8.73983e-15
6.535	2.61994e-14
6.54	1.74529e-14
6.545	8.7198e-15
6.55	1.74263e-14
6.555	1.7413e-14
6.56	8.69986e-15
6.565	0
6.57	8.68662e-15
6.575	2.604e-14
6.58	0
6.585	8.66683e-15
6.59	1.73205e-14
6.595	8.65369e-15
6.6	8.64714e-15
6.605	1.72812e-14
6.61	1.72681e-14
6.615	1.72551e-14
6.62	8.62101e-15
6.625	8.61451e-15
6.63	8.60801e-15
6.635	0
6.64	0
6.645	0
6.65	0
6.655	0
6.66	8.56923e-15
6.665	8.5628e-15
6.67	1.71128e-14
6.675	0
6.68	0
6.685	1.70744e-14
6.69	0
6.695	1.70489e-14
6.7	8.51807e-15
6.705	0
6.71	1.70108e-14
6.715	8.49905e-15
6.72	8.49272e-15
6.725	1.69728e-14
6.73	1.69602e-14
6.735	8.47381e-15
6.74	0
6.745	1.69225e-14
6.75	2.53649e-14
6.755	0
6.76	8.44247e-15
6.765	1.68725e-14
6.77	1.686e-14
6.775	1.68476e-14
6.78	1.68351e-14
6.785	8.41136e-15
6.79	8.40517e-15
6.795	0
6.8	1.67856e-14
6.805	2.51599e-14
6.81	0
6.815	1.67487e-14
6.82	0
6.825	0
6.83	0
6.835	8.34983e-15
6.84	1.66874e-14
6.845	0
6.85	1.66631e-14
6.855	8.32547e-15
6.86	0
6.865	8.31334e-15
6.87	1.66146e-14
6.875	0
6.88	8.29521e-15
6.885	1.65784e-14
6.89	2.48495e-14
6.895	8.27717e-15
6.9	8.27117e-15
6.905	1.65304e-14
6.91	1.65184e-14
6.915	8.25323e-15
6.92	8.24726e-15
6.925	8.24131e-15
6.93	0
6.935	0
6.94	8.2235e-15
6.945	1.64352e-14
6.95	8.21166e-15
6.955	8.20576e-15
6.96	2.45996e-14
6.965	8.19398e-15
6.97	0
6.975	8.18223e-15
6.98	8.17637e-15
6.985	1.6341e-14
6.99	8.16467e-15
6.995	8.15884e-15
7	8.15301e-15
7.005	1.62944e-14
7.01	0
7.015	1.62712e-14
7.02	8.12978e-15
7.025	1.6248e-14
7.03	0
7.035	8.11245e-15
7.04	8.10668e-15
7.045	8.10093e-15
7.05	8.09519e-15
7.055	2.42683e-14
7.06	2.42512e-14
7.065	1.6156e-14
7.07	1.61446e-14
7.075	8.06658e-15
7.08	1.61218e-14
7.085	8.05519e-15
7.09	8.04951e-15
7.095	2.41315e-14
7.1	3.21527e-14
7.105	8.03252e-15
7.11	0
7.115	0
7.12	8.0156e-15
7.125	0
7.13	8.00436e-15
7.135	1.59975e-14
7.14	2.39794e-14
7.145	1.59751e-14
7.15	7.98196e-15
7.155	7.97639e-15
7.16	1.59416e-14
7.165	7.96525e-15
7.17	7.9597e-15
7.175	7.95415e-15
7.18	0
7.185	7.94308e-15
7.19	0
7.195	7.93204e-15
7.2	1.58531e-14
7.205	7.92103e-15
7.21	7.91554e-15
7.215	7.91005e-15
7.22	7.90458e-15
7.225	0
7.23	0
7.235	7.88819e-15
7.24	7.88274e-15
7.245	7.8773e-15
7.25	1.57437e-14
7.255	7.86644e-15
7.26	0
7.265	1.57112e-14
7.27	1.57004e-14
7.275	1.56896e-14
7.28	3.13577e-14
7.285	7.83405e-15
7.29	0
7.295	0
7.3	1.56359e-14
7.305	7.8126e-15
7.31	3.1229e-14
7.315	0
7.32	1.55932e-14
7.325	7.79127e-15
7.33	7.78595e-15
7.335	1.55613e-14
7.34	1.55507e-14
7.345	1.55401e-14
7.35	1.55295e-14
7.355	7.75949e-15
7.36	7.75422e-15
7.365	7.74895e-15
7.37	2.32311e-14
7.375	0
7.38	7.7332e-15
7.385	7.72797e-15
7.39	7.72274e-15
7.395	1.5435e-14
7.4	0
7.405	0
7.41	1.54038e-14
7.415	0
7.42	7.69151e-15
7.425	1.53727e-14
7.43	7.68116e-15
7.435	1.5352e-14
7.44	1.53417e-14
7.445	7.66568e-15
7.45	7.66054e-15
7.455	1.53108e-14
7.46	7.65027e-15
7.465	1.52903e-14
7.47	7.64003e-15
7.475	3.05397e-14
7.48	2.28894e-14
7.485	1.52494e-14
7.49	2.28589e-14
7.495	1.52291e-14
7.5	0
7.505	7.6044e-15
7.51	0
7.515	7.59428e-15
7.52	0
7.525	0
7.53	7.57915e-15
7.535	0
7.54	1.51382e-14
7.545	2.26923e-14
7.55	7.55907e-15
7.555	0
7.56	0
7.565	0
7.57	0
7.575	7.53413e-15
7.58	7.52916e-15
7.585	1.50484e-14
7.59	0
7.595	7.51429e-15
7.6	0
7.605	1.50088e-14
7.61	1.4999e-14
7.615	7.49455e-15
7.62	0
7.625	0
7.63	7.47982e-15
7.635	7.47492e-15
7.64	2.24101e-14
7.645	2.98606e-14
7.65	1.49205e-14
7.655	7.45539e-15
7.66	1.4901e-14
7.665	2.2337e-14
7.67	7.44081e-15
7.675	0
7.68	7.43112e-15
7.685	2.22789e-14
7.69	1.29875e-14
7.695	0
7.7	0
7.705	1.4814e-14
7.71	1.48044e-14
7.715	0
7.72	9.24077e-15
7.725	7.38783e-15
7.73	7.38305e-15
7.735	7.37828e-15
7.74	0
7.745	7.36875e-15
7.75	7.364e-15
7.755	1.47185e-14
7.76	7.35451e-15
7.765	0
7.77	7.34504e-15
7.775	7.34032e-15
7.78	1.46712e-14
7.785	2.19927e-14
7.79	1.46524e-14
7.795	1.4643e-14
7.8	2.19504e-14
7.805	1.46242e-14
7.81	7.30742e-15
7.815	0
7.82	0
7.825	0
7.83	0
7.835	7.28411e-15
7.84	1.45589e-14
7.845	0
7.85	1.45404e-14
7.855	2.17967e-14
7.86	0
7.865	7.25632e-15
7.87	0
7.875	7.24711e-15
7.88	1.4485e-14
7.885	7.23792e-15
7.89	7.23333e-15
7.895	2.16863e-14
7.9	0
7.905	1.44392e-14
7.91	7.21504e-15
7.915	7.21048e-15
7.92	0
7.925	1.44028e-14
7.93	1.43937e-14
7.935	7.19231e-15
7.94	7.18778e-15
7.945	7.18326e-15
7.95	7.17874e-15
7.955	1.43485e-14
7.96	0
7.965	7.16522e-15
7.97	1.43214e-14
7.975	7.15623e-15
7.98	2.14553e-14
7.985	1.42945e-14
7.99	7.1428e-15
7.995	7.13833e-15
8	0
8.005	7.12942e-15
8.01	1.42499e-14
8.015	0
8.02	1.42322e-14
8.025	1.42233e-14
8.03	7.10722e-15
8.035	7.1028e-15
8.04	0
8.045	0
8.05	7.08956e-15
8.055	0
8.06	0
8.065	1.41528e-14
8.07	0
8.075	1.41352e-14
8.08	1.41265e-14
8.085	0
8.09	7.05451e-15
8.095	1.41003e-14
8.1	7.0458e-15
8.105	7.04145e-15
8.11	7.03711e-15
8.115	7.03277e-15
8.12	7.02844e-15
8.125	0
8.13	0
8.135	0
8.14	0
8.145	0
8.15	7.00257e-15
8.155	6.99828e-15
8.16	1.3988e-14
8.165	6.98971e-15
8.17	2.09563e-14
8.175	6.98116e-15
8.18	6.97689e-15
8.185	6.97263e-15
8.19	2.78735e-14
8.195	2.08924e-14
8.2	6.95987e-15
8.205	6.95563e-15
8.21	2.08542e-14
8.215	1.38943e-14
8.22	6.94294e-15
8.225	2.08162e-14
8.23	1.3869e-14
8.235	6.93029e-15
8.24	0
8.245	1.38438e-14
8.25	2.76708e-14
8.255	6.9135e-15
8.26	0
8.265	6.90514e-15
8.27	6.90096e-15
8.275	1.37936e-14
8.28	6.89263e-15
8.285	6.88847e-15
8.29	1.37686e-14
8.295	6.88016e-15
8.3	0
8.305	0
8.31	1.37355e-14
8.315	6.86361e-15
8.32	6.85949e-15
8.325	1.37107e-14
8.33	6.85125e-15
8.335	6.84714e-15
8.34	0
8.345	6.83894e-15
8.35	0
8.355	0
8.36	6.82667e-15
8.365	6.82259e-15
8.37	6.81851e-15
8.375	6.81444e-15
8.38	0
8.385	1.36126e-14
8.39	1.36045e-14
8.395	6.79821e-15
8.4	2.03825e-14
8.405	0
8.41	1.35722e-14
8.415	6.78205e-15
8.42	1.3556e-14
8.425	6.774e-15
8.43	6.76998e-15
8.435	1.35319e-14
8.44	2.02859e-14
8.445	1.35159e-14
8.45	2.02619e-14
8.455	1.34999e-14
8.46	1.34919e-14
8.465	6.74199e-15
8.47	1.3476e-14
8.475	1.34681e-14
8.48	2.01902e-14
8.485	6.7261e-15
8.49	2.01664e-14
8.495	6.71818e-15
8.5	6.71423e-15
8.505	1.34206e-14
8.51	6.70634e-15
8.515	6.7024e-15
8.52	6.69847e-15
8.525	2.00836e-14
8.53	1.33812e-14
8.535	1.33734e-14
8.54	6.68278e-15
8.545	6.67887e-15
8.55	6.67496e-15
8.555	6.67106e-15
8.56	6.66716e-15
8.565	2.66531e-14
8.57	6.65938e-15
8.575	0
8.58	1.33032e-14
8.585	6.64775e-15
8.59	6.64388e-15
8.595	0
8.6	1.32723e-14
8.605	6.6323e-15
8.61	0
8.615	9.9369e-15
8.62	1.32415e-14
8.625	6.61692e-15
8.63	6.61308e-15
8.635	1.98278e-14
8.64	6.60543e-15
8.645	6.60161e-15
8.65	6.59779e-15
8.655	1.3188e-14
8.66	1.31803e-14
8.665	6.58637e-15
8.67	6.58257e-15
8.675	6.57878e-15
8.68	0
8.685	1.31424e-14
8.69	1.31348e-14
8.695	6.56365e-15
8.7	6.55987e-15
8.705	6.55611e-15
8.71	0
8.715	6.54858e-15
8.72	1.30897e-14
8.725	0
8.73	1.30747e-14
8.735	1.96008e-14
8.74	6.52985e-15
8.745	0
8.75	1.30448e-14
8.755	1.30373e-14
8.76	6.51494e-15
8.765	6.51123e-15
8.77	1.3015e-14
8.775	1.95114e-14
8.78	1.30002e-14
8.785	0
8.79	0
8.795	6.48902e-15
8.8	1.29707e-14
8.805	1.29633e-14
8.81	1.29559e-14
8.815	6.47429e-15
8.82	6.47062e-15
8.825	1.29339e-14
8.83	6.4633e-15
8.835	0
8.84	6.45598e-15
8.845	6.45233e-15
8.85	6.44869e-15
8.855	6.44505e-15
8.86	6.44141e-15
8.865	6.43778e-15
8.87	6.43415e-15
8.875	1.2861e-14
8.88	6.4269e-15
8.885	0
8.89	6.41967e-15
8.895	6.41606e-15
8.9	0
8.905	6.40886e-15
8.91	6.40526e-15
8.915	0
8.92	0
8.925	1.2789e-14
8.93	6.39092e-15
8.935	6.38734e-15
8.94	1.27675e-14
8.945	6.3802e-15
8.95	1.91299e-14
8.955	1.27461e-14
8.96	0
8.965	6.36597e-15
8.97	1.27248e-14
8.975	0
8.98	0
8.985	1.27036e-14
8.99	0
8.995	1.26895e-14
9	0
9.005	0
9.01	6.33417e-15
9.015	6.33066e-15
9.02	6.32715e-15
9.025	6.32364e-15
9.03	0
9.035	0
9.04	0
9.045	6.30966e-15
9.05	6.30617e-15
9.055	0
9.06	6.29921e-15
9.065	6.29574e-15
9.07	1.88768e-14
9.075	1.88664e-14
9.08	0
9.085	0
9.09	6.27842e-15
9.095	6.27497e-15
9.1	6.27152e-15
9.105	6.26808e-15
9.11	6.26464e-15
9.115	6.2612e-15
9.12	6.25777e-15
9.125	6.25434e-15
9.13	6.25092e-15
9.135	6.2475e-15
9.14	1.24882e-14
9.145	6.24066e-15
9.15	1.24745e-14
9.155	0
9.16	6.23044e-15
9.165	1.24541e-14
9.17	0
9.175	1.24405e-14
9.18	1.86506e-14
9.185	1.2427e-14
9.19	6.2101e-15
9.195	6.20673e-15
9.2	6.20335e-15
9.205	0
9.21	6.19662e-15
9.215	6.19326e-15
9.22	2.47596e-14
9.225	6.18654e-15
9.23	0
9.235	0
9.24	1.2353e-14
9.245	6.17316e-15
9.25	0
9.255	0
9.26	1.23263e-14
9.265	1.23197e-14
9.27	0
9.275	6.15319e-15
9.28	1.22998e-14
9.285	6.14656e-15
9.29	0
9.295	0
9.3	0
9.305	0
9.31	0
9.315	1.22535e-14
9.32	1.2247e-14
9.325	6.1202e-15
9.33	6.11692e-15
9.335	1.22273e-14
9.34	1.22207e-14
9.345	0
9.35	6.10383e-15
9.355	1.22011e-14
9.36	2.43893e-14
9.365	1.21881e-14
9.37	6.09081e-15
9.375	0
9.38	6.08431e-15
9.385	1.21621e-14
9.39	6.07783e-15
9.395	1.21492e-14
9.4	6.07137e-15
9.405	6.06814e-15
9.41	6.06491e-15
9.415	0
9.42	0
9.425	6.05526e-15
9.43	1.21041e-14
9.435	1.20977e-14
9.44	6.04564e-15
9.445	0
9.45	6.03924e-15
9.455	6.03605e-15
9.46	1.20657e-14
9.465	0
9.47	0
9.475	6.02331e-15
9.48	6.02013e-15
9.485	0
9.49	0
9.495	0
9.5	6.00746e-15
9.505	6.0043e-15
9.51	0
9.515	5.99799e-15
9.52	0
9.525	0
9.53	1.19771e-14
9.535	5.9854e-15
9.54	0
9.545	5.97913e-15
9.55	0
9.555	0
9.56	0
9.565	5.96663e-15
9.57	1.1927e-14
9.575	5.9604e-15
9.58	0
9.585	1.19084e-14
9.59	1.19022e-14
9.595	1.1896e-14
9.6	1.18898e-14
9.605	5.94178e-15
9.61	5.93869e-15
9.615	5.9356e-15
9.62	1.1865e-14
9.625	1.18589e-14
9.63	5.92636e-15
9.635	5.92328e-15
9.64	5.92021e-15
9.645	1.18343e-14
9.65	5.91407e-15
9.655	1.7733e-14
9.66	1.18159e-14
9.665	5.9049e-15
9.67	5.90184e-15
9.675	1.17976e-14
9.68	5.89575e-15
9.685	1.17854e-14
9.69	1.17793e-14
9.695	2.35465e-14
9.7	1.17672e-14
9.705	5.88056e-15
9.71	1.17551e-14
9.715	0
9.72	5.87148e-15
9.725	1.17369e-14
9.73	5.86545e-15
9.735	1.17249e-14
9.74	5.85943e-15
9.745	5.85642e-15
9.75	5.85342e-15
9.755	1.17008e-14
9.76	0
9.765	1.16888e-14
9.77	5.84143e-15
9.775	5.83845e-15
9.78	5.83546e-15
9.785	1.1665e-14
9.79	5.8295e-15
9.795	1.1653e-14
9.8	0
9.805	5.82058e-15
9.81	5.81762e-15
9.815	1.16293e-14
9.82	0
9.825	5.80873e-15
9.83	5.80578e-15
9.835	0
9.84	5.79988e-15
9.845	1.15939e-14
9.85	1.1588e-14
9.855	1.15821e-14
9.86	1.15762e-14
9.865	1.15704e-14
9.87	5.78225e-15
9.875	5.77932e-15
9.88	1.15528e-14
9.885	5.77347e-15
9.89	5.77056e-15
9.895	5.76764e-15
9.9	5.76473e-15
9.905	1.15236e-14
9.91	5.75891e-15
9.915	5.75601e-15
9.92	1.15062e-14
9.925	0
9.93	0
9.935	5.74442e-15
9.94	1.14831e-14
9.945	5.73864e-15
9.95	5.73576e-15
9.955	0
9.96	1.146e-14
9.965	5.72712e-15
9.97	0
9.975	5.72138e-15
9.98	1.1437e-14
9.985	0
9.99	0
9.995	0
10	1.71212e-14
