0.005	8.20346e-17
0.01	2.72113e-17
0.015	1.36348e-16
0.02	1.07793e-16
0.025	1.31081e-16
0.03	1.33451e-16
0.035	1.5297e-16
0.04	7.93107e-17
0.045	1.05248e-16
0.05	7.85654e-17
0.055	1.3033e-16
0.06	1.52754e-16
0.065	2.58244e-17
0.07	1.28527e-16
0.075	7.67619e-17
0.08	2.54704e-17
0.085	1.49725e-16
0.09	2.52397e-17
0.095	1.47958e-16
0.1	7.50394e-17
0.105	0
0.11	4.95812e-17
0.115	2.46808e-17
0.12	2.4572e-17
0.125	7.33925e-17
0.13	1.61438e-16
0.135	9.74314e-17
0.14	4.82924e-17
0.145	1.41552e-16
0.15	9.57551e-17
0.155	9.53456e-17
0.16	7.12047e-17
0.165	0
0.17	4.70689e-17
0.175	7.03064e-17
0.18	4.66747e-17
0.185	6.97201e-17
0.19	1.38861e-16
0.195	1.35721e-16
0.2	6.88587e-17
0.205	9.14351e-17
0.21	1.13827e-16
0.215	9.06912e-17
0.22	9.03237e-17
0.225	6.74694e-17
0.23	1.34397e-16
0.235	4.46195e-17
0.24	4.44416e-17
0.245	9.09943e-17
0.25	1.10225e-16
0.255	1.2849e-16
0.26	4.3744e-17
0.265	8.7146e-17
0.27	8.68067e-17
0.275	1.08088e-16
0.28	4.3068e-17
0.285	8.81925e-17
0.29	1.28213e-16
0.295	8.51489e-17
0.3	1.06031e-16
0.305	8.45034e-17
0.31	4.20922e-17
0.315	6.29007e-17
0.32	1.04442e-16
0.325	1.46404e-16
0.33	4.14658e-17
0.335	4.13122e-17
0.34	6.17394e-17
0.345	4.10082e-17
0.35	6.62145e-17
0.355	1.22126e-16
0.36	1.18671e-16
0.365	6.06202e-17
0.37	1.20802e-16
0.375	8.02451e-17
0.38	3.99786e-17
0.385	1.19507e-16
0.39	5.95409e-17
0.395	1.18659e-16
0.4	4.67262e-17
0.405	1.17823e-16
0.41	8.04514e-17
0.415	1.36498e-16
0.42	9.71589e-17
0.425	7.7457e-17
0.43	5.78916e-17
0.435	1.10388e-16
0.44	5.74935e-17
0.445	7.63953e-17
0.45	1.11376e-16
0.455	1.32782e-16
0.46	7.5618e-17
0.465	1.13043e-16
0.47	3.75542e-17
0.475	7.48562e-17
0.48	1.3056e-16
0.485	1.06706e-16
0.49	5.55823e-17
0.495	1.10796e-16
0.5	3.68101e-17
0.505	9.17224e-17
0.51	1.09706e-16
0.515	3.6449e-17
0.52	3.63302e-17
0.525	7.24244e-17
0.53	5.41424e-17
0.535	3.59784e-17
0.54	3.58627e-17
0.545	7.14954e-17
0.55	1.04256e-16
0.555	1.24319e-16
0.56	1.06221e-16
0.565	5.55619e-17
0.57	1.21476e-16
0.575	7.01456e-17
0.58	5.24442e-17
0.585	1.05173e-16
0.59	6.94897e-17
0.595	5.19553e-17
0.6	4.09364e-17
0.605	8.60574e-17
0.61	8.57924e-17
0.615	8.55291e-17
0.62	1.17759e-16
0.625	6.80058e-17
0.63	8.47488e-17
0.635	9.70006e-17
0.64	6.73891e-17
0.645	8.39826e-17
0.65	6.69842e-17
0.655	5.00876e-17
0.66	1.6646e-17
0.665	1.13712e-16
0.67	9.9283e-17
0.675	8.18787e-17
0.68	8.1637e-17
0.685	8.13968e-17
0.69	8.1158e-17
0.695	9.72257e-17
0.7	6.44269e-17
0.705	4.86308e-17
0.71	6.46531e-17
0.715	8.05826e-17
0.72	6.39821e-17
0.725	8.01193e-17
0.73	9.994e-17
0.735	6.52071e-17
0.74	4.76605e-17
0.745	9.505e-17
0.75	7.89839e-17
0.755	1.10265e-16
0.76	6.28309e-17
0.765	7.65588e-17
0.77	7.80984e-17
0.775	4.9025e-17
0.78	1.55326e-17
0.785	3.09789e-17
0.79	1.54465e-17
0.795	0
0.8	4.60841e-17
0.805	0
0.81	6.11087e-17
0.815	4.57062e-17
0.82	1.51939e-17
0.825	1.51526e-17
0.83	4.53344e-17
0.835	6.02825e-17
0.84	1.503e-17
0.845	1.49896e-17
0.85	2.98987e-17
0.855	1.49094e-17
0.86	5.97397e-17
0.865	1.483e-17
0.87	7.22922e-17
0.875	2.9503e-17
0.88	1.47126e-17
0.885	4.40215e-17
0.89	1.46353e-17
0.895	4.37909e-17
0.9	2.91177e-17
0.905	7.04633e-17
0.91	7.24159e-17
0.915	4.54671e-17
0.92	1.44083e-17
0.925	2.87423e-17
0.93	4.30025e-17
0.935	4.28922e-17
0.94	1.42608e-17
0.945	4.26733e-17
0.95	2.83764e-17
0.955	2.83044e-17
0.96	4.44444e-17
0.965	5.65702e-17
0.97	7.0226e-17
0.975	2.80198e-17
0.98	9.26374e-17
0.985	4.18194e-17
0.99	5.56201e-17
0.995	1.38704e-17
1	5.5344e-17
1.005	4.14052e-17
1.01	1.37676e-17
1.015	5.51763e-17
1.02	1.36939e-17
1.025	2.72538e-17
1.03	4.06817e-17
1.035	1.34949e-17
1.04	7.73398e-17
1.045	1.33655e-17
1.05	2.66033e-17
1.055	1.32385e-17
1.06	1.31759e-17
1.065	2.62278e-17
1.07	6.37964e-17
1.075	6.54401e-17
1.08	1.29313e-17
1.085	3.86148e-17
1.09	2.56248e-17
1.095	1.27538e-17
1.1	1.26957e-17
1.105	1.26381e-17
1.11	1.2581e-17
1.115	5.0098e-17
1.12	3.74054e-17
1.125	6.20646e-17
1.13	4.94315e-17
1.135	8.33837e-17
1.14	4.89969e-17
1.145	6.09781e-17
1.15	3.64274e-17
1.155	6.96108e-17
1.16	1.20376e-17
1.165	1.19858e-17
1.17	8.0884e-17
1.175	1.18836e-17
1.18	6.98778e-17
1.185	1.17831e-17
1.19	5.69371e-17
1.195	7.74539e-17
1.2	0
1.205	4.65521e-17
1.21	1.15391e-17
1.215	1.14915e-17
1.22	1.14443e-17
1.225	1.13975e-17
1.23	2.27022e-17
1.235	3.39152e-17
1.24	2.25188e-17
1.245	2.24282e-17
1.25	3.35074e-17
1.255	6.51068e-17
1.26	1.10803e-17
1.265	5.55917e-17
1.27	2.19858e-17
1.275	3.28491e-17
1.28	4.38297e-17
1.285	5.43216e-17
1.29	5.41107e-17
1.295	2.15605e-17
1.3	3.37997e-17
1.305	3.20925e-17
1.31	7.45961e-17
1.315	5.308e-17
1.32	2.11514e-17
1.325	3.16072e-17
1.33	5.24802e-17
1.335	3.137e-17
1.34	1.04176e-17
1.345	2.07575e-17
1.35	1.03403e-17
1.355	3.09061e-17
1.36	5.03682e-17
1.365	1.02264e-17
1.37	4.22586e-17
1.375	1.01519e-17
1.38	1.01151e-17
1.385	3.02354e-17
1.39	1.00422e-17
1.395	4.02003e-17
1.4	2.99109e-17
1.405	9.93475e-18
1.41	1.97989e-17
1.415	9.86442e-18
1.42	3.93185e-17
1.425	9.79507e-18
1.43	2.92823e-17
1.435	5.60045e-17
1.44	4.84643e-17
1.445	4.86548e-17
1.45	9.6259e-18
1.455	2.87783e-17
1.46	9.55986e-18
1.465	9.52717e-18
1.47	2.84841e-17
1.475	4.62497e-17
1.48	4.61024e-17
1.485	3.75946e-17
1.49	2.81012e-17
1.495	9.33567e-18
1.5	2.08624e-17
1.505	9.27354e-18
1.51	3.71336e-17
1.515	9.21222e-18
1.52	9.18187e-18
1.525	3.66069e-17
1.53	4.56088e-17
1.535	1.8184e-17
1.54	9.06243e-18
1.545	9.03305e-18
1.55	3.60155e-17
1.555	4.38664e-17
1.56	1.78921e-17
1.565	8.91743e-18
1.57	2.6667e-17
1.575	1.77214e-17
1.58	8.83264e-18
1.585	2.7403e-17
1.59	8.777e-18
1.595	2.62483e-17
1.6	5.02285e-17
1.605	1.73897e-17
1.61	4.36606e-17
1.615	4.22342e-17
1.62	8.61421e-18
1.625	3.43507e-17
1.63	4.28064e-17
1.635	2.56052e-17
1.64	1.7018e-17
1.645	4.24155e-17
1.65	3.38294e-17
1.655	2.52953e-17
1.66	2.5219e-17
1.665	3.36715e-17
1.67	8.35591e-18
1.675	4.79679e-17
1.68	2.49183e-17
1.685	8.28142e-18
1.69	1.85135e-17
1.695	8.23249e-18
1.7	8.20824e-18
1.705	4.00095e-17
1.71	8.16017e-18
1.715	3.25454e-17
1.72	8.11265e-18
1.725	8.0891e-18
1.73	8.06569e-18
1.735	2.41272e-17
1.74	3.32596e-17
1.745	3.88022e-17
1.75	7.97338e-18
1.755	7.95063e-18
1.76	7.92801e-18
1.765	1.5811e-17
1.77	3.94158e-17
1.775	2.47419e-17
1.78	1.56776e-17
1.785	2.34505e-17
1.79	1.55899e-17
1.795	0
1.8	2.32548e-17
1.805	2.31903e-17
1.81	3.19715e-17
1.815	2.30623e-17
1.82	1.53326e-17
1.825	0
1.83	2.2873e-17
1.835	1.52071e-17
1.84	3.03314e-17
1.845	3.02491e-17
1.85	0
1.855	3.77394e-17
1.86	4.41721e-17
1.865	1.49621e-17
1.87	2.98441e-17
1.875	4.27137e-17
1.88	2.22639e-17
1.885	1.48032e-17
1.89	1.4764e-17
1.895	3.58561e-17
1.9	4.2151e-17
1.905	2.19713e-17
1.91	4.193e-17
1.915	4.26314e-17
1.92	2.17994e-17
1.925	1.44952e-17
1.93	3.61439e-17
1.935	1.44202e-17
1.94	2.87659e-17
1.945	3.49332e-17
1.95	1.43091e-17
1.955	3.56811e-17
1.96	2.1354e-17
1.965	1.41997e-17
1.97	3.54091e-17
1.975	2.82555e-17
1.98	2.8184e-17
1.985	4.24165e-17
1.99	2.90828e-17
1.995	2.09789e-17
2	4.18527e-17
2.005	2.78322e-17
2.01	5.55257e-17
2.015	1.38469e-17
2.02	3.45315e-17
2.025	2.75569e-17
2.03	2.82541e-17
2.035	3.42767e-17
2.04	3.34313e-17
2.045	3.41089e-17
2.05	2.72205e-17
2.055	2.71542e-17
2.06	3.38602e-17
2.065	2.70225e-17
2.07	2.02179e-17
2.075	1.34461e-17
2.08	1.34137e-17
2.085	2.00722e-17
2.09	1.33494e-17
2.095	1.33175e-17
2.1	2.65716e-17
2.105	1.32542e-17
2.11	4.45622e-17
2.115	1.31915e-17
2.12	1.31603e-17
2.125	1.31293e-17
2.13	3.92953e-17
2.135	3.25481e-17
2.14	3.91115e-17
2.145	3.15515e-17
2.15	3.7244e-17
2.155	3.71574e-17
2.16	1.93745e-17
2.165	3.77029e-17
2.17	1.28567e-17
2.175	2.56543e-17
2.18	3.76744e-17
2.185	3.19209e-17
2.19	3.82175e-17
2.195	1.50684e-17
2.2	3.1703e-17
2.205	1.26524e-17
2.21	1.89356e-17
2.215	2.51905e-17
2.22	1.25668e-17
2.225	4.22564e-17
2.23	1.87656e-17
2.235	1.24824e-17
2.24	3.64391e-17
2.245	1.24267e-17
2.25	3.09977e-17
2.255	3.55078e-17
2.26	2.46883e-17
2.265	2.46338e-17
2.27	3.52729e-17
2.275	4.90507e-17
2.28	2.44715e-17
2.285	1.2209e-17
2.29	3.56427e-17
2.295	2.43114e-17
2.3	4.15521e-17
2.305	3.54105e-17
2.31	2.41534e-17
2.315	1.20506e-17
2.32	3.00614e-17
2.325	2.45539e-17
2.33	2.99323e-17
2.335	8.19039e-18
2.34	2.37328e-17
2.345	2.97406e-17
2.35	3.56127e-17
2.355	1.77685e-17
2.36	1.77308e-17
2.365	2.94888e-17
2.37	1.76559e-17
2.375	1.89264e-17
2.38	2.93028e-17
2.385	2.83732e-17
2.39	2.3344e-17
2.395	1.74714e-17
2.4	1.7435e-17
2.405	4.0597e-17
2.41	2.87229e-17
2.415	2.31021e-17
2.42	2.28405e-17
2.425	2.81181e-17
2.43	2.29594e-17
2.435	1.78218e-17
2.44	3.42978e-17
2.445	2.8523e-17
2.45	1.70788e-17
2.455	3.4088e-17
2.46	2.83489e-17
2.465	3.39496e-17
2.47	2.8234e-17
2.475	2.73404e-17
2.48	2.2496e-17
2.485	2.80634e-17
2.49	1.31775e-17
2.495	2.79508e-17
2.5	1.67369e-17
2.505	1.11356e-17
2.51	5.55672e-18
2.515	3.67562e-17
2.52	2.70517e-17
2.525	1.6571e-17
2.53	1.10255e-17
2.535	5.50186e-18
2.54	5.49102e-18
2.545	2.74011e-17
2.55	1.72203e-17
2.555	5.45875e-18
2.56	7.47515e-18
2.565	5.43745e-18
2.57	2.18028e-17
2.575	5.41631e-18
2.58	5.40581e-18
2.585	1.6186e-17
2.59	2.63251e-17
2.595	3.17381e-17
2.6	2.60299e-17
2.605	2.14155e-17
2.61	1.06872e-17
2.615	2.58804e-17
2.62	1.06464e-17
2.625	5.31305e-18
2.63	5.30294e-18
2.635	5.29286e-18
2.64	5.28283e-18
2.645	1.05457e-17
2.65	5.26288e-18
2.655	1.57589e-17
2.66	2.62154e-17
2.665	2.53944e-17
2.67	1.04468e-17
2.675	5.21364e-18
2.68	2.62127e-17
2.685	2.53877e-17
2.69	1.63181e-17
2.695	2.06997e-17
2.7	3.42404e-17
2.705	1.54673e-17
2.71	1.02925e-17
2.715	2.56838e-17
2.72	1.14964e-17
2.725	5.11789e-18
2.73	1.53255e-17
2.735	1.01983e-17
2.74	5.08985e-18
2.745	2.9253e-17
2.75	2.55349e-17
2.755	1.59377e-17
2.76	2.90938e-17
2.765	5.04379e-18
2.77	0
2.775	5.02559e-18
2.78	1.50496e-17
2.785	2.88324e-17
2.79	4.99855e-18
2.795	4.9896e-18
2.8	4.98068e-18
2.805	2.43006e-17
2.81	9.92588e-18
2.815	4.95412e-18
2.82	2.39974e-17
2.825	9.87313e-18
2.83	2.46392e-17
2.835	2.83235e-17
2.84	2.45523e-17
2.845	4.90183e-18
2.85	9.78645e-18
2.855	2.38747e-17
2.86	2.80757e-17
2.865	3.2262e-17
2.87	1.52986e-17
2.875	9.70128e-18
2.88	4.84221e-18
2.885	9.66762e-18
2.89	1.51879e-17
2.895	2.42643e-17
2.9	9.61757e-18
2.905	2.34634e-17
2.91	1.43767e-17
2.915	2.40883e-17
2.92	4.77582e-18
2.925	9.5353e-18
2.93	1.42785e-17
2.935	2.3757e-17
2.94	1.49294e-17
2.945	4.73524e-18
2.95	2.72184e-17
2.955	1.41576e-17
2.96	1.41337e-17
2.965	9.40655e-18
2.97	1.40861e-17
2.975	2.34373e-17
2.98	1.40387e-17
2.985	0
2.99	2.72958e-17
2.995	2.2594e-17
3	1.85934e-17
3.005	1.39219e-17
3.01	4.6329e-18
3.015	9.25043e-18
3.02	4.61755e-18
3.025	1.38297e-17
3.03	2.65801e-17
3.035	2.29735e-17
3.04	1.83486e-17
3.045	0
3.05	2.28605e-17
3.055	2.23104e-17
3.06	1.36714e-17
3.065	3.01551e-17
3.07	4.54228e-18
3.075	1.36047e-17
3.08	1.35826e-17
3.085	4.52018e-18
3.09	1.80514e-17
3.095	4.50556e-18
3.1	1.34949e-17
3.105	2.58586e-17
3.11	4.48381e-18
3.115	1.79851e-17
3.12	4.46943e-18
3.125	4.46227e-18
3.13	8.91028e-18
3.135	4.44803e-18
3.14	8.88188e-18
3.145	4.43387e-18
3.15	2.14814e-17
3.155	1.76792e-17
3.16	4.41281e-18
3.165	4.40583e-18
3.17	4.39888e-18
3.175	2.14665e-17
3.18	8.77007e-18
3.185	4.37815e-18
3.19	4.37128e-18
3.195	2.89314e-17
3.2	8.71522e-18
3.205	4.3508e-18
3.21	4.34402e-18
3.215	2.16863e-17
3.22	1.29916e-17
3.225	2.11334e-17
3.23	1.72684e-17
3.235	2.15521e-17
3.24	2.16786e-17
3.245	8.59426e-18
3.25	2.09749e-17
3.255	1.71357e-17
3.26	1.34628e-17
3.265	4.27079e-18
3.27	2.45528e-17
3.275	1.27732e-17
3.28	1.7005e-17
3.285	2.12238e-17
3.29	4.23831e-18
3.295	1.69275e-17
3.3	4.22546e-18
3.305	1.26572e-17
3.31	1.2638e-17
3.315	4.20632e-18
3.32	1.32193e-17
3.325	1.3052e-17
3.33	4.18736e-18
3.335	4.18108e-18
3.34	4.17482e-18
3.345	1.25057e-17
3.35	4.16234e-18
3.355	4.15614e-18
3.36	8.29989e-18
3.365	2.01078e-17
3.37	1.64778e-17
3.375	1.28585e-17
3.38	1.23761e-17
3.385	8.23855e-18
3.39	4.11319e-18
3.395	2.36481e-17
3.4	1.23033e-17
3.405	1.22852e-17
3.41	4.08905e-18
3.415	4.08306e-18
3.42	2.40843e-17
3.425	1.26706e-17
3.43	2.69478e-17
3.435	1.62371e-17
3.44	4.05337e-18
3.445	2.02374e-17
3.45	1.21248e-17
3.455	4.03576e-18
3.46	1.61197e-17
3.465	8.0482e-18
3.47	1.60732e-17
3.475	1.605e-17
3.48	8.01348e-18
3.485	2.00753e-17
3.49	7.99051e-18
3.495	7.97907e-18
3.5	1.19515e-17
3.505	1.59126e-17
3.51	1.99322e-17
3.515	7.93363e-18
3.52	7.92236e-18
3.525	1.9264e-17
3.53	2.26736e-17
3.535	3.94436e-18
3.54	7.87756e-18
3.545	1.57329e-17
3.55	1.1783e-17
3.555	1.6267e-17
3.56	2.34998e-17
3.565	7.82228e-18
3.57	2.3434e-17
3.575	2.67224e-17
3.58	3.11579e-17
3.585	1.61345e-17
3.59	2.27268e-17
3.595	1.55139e-17
3.6	1.16193e-17
3.605	2.32063e-17
3.61	7.72471e-18
3.615	7.71402e-18
3.62	1.54067e-17
3.625	2.63536e-17
3.63	3.07285e-17
3.635	3.83577e-18
3.64	3.8305e-18
3.645	1.5301e-17
3.65	1.146e-17
3.655	2.18977e-17
3.66	7.61911e-18
3.665	1.90218e-17
3.67	1.51967e-17
3.675	2.59948e-17
3.68	2.21706e-17
3.685	1.13511e-17
3.69	1.88227e-17
3.695	1.50938e-17
3.7	7.53668e-18
3.705	7.5265e-18
3.71	7.51635e-18
3.715	1.12593e-17
3.72	1.49923e-17
3.725	2.93887e-17
3.73	1.4952e-17
3.735	7.46601e-18
3.74	1.86401e-17
3.745	1.48921e-17
3.75	7.43612e-18
3.755	1.11393e-17
3.76	2.12857e-17
3.765	1.11097e-17
3.77	1.47933e-17
3.775	1.47737e-17
3.78	2.58197e-17
3.785	8.7343e-18
3.79	1.8394e-17
3.795	2.20437e-17
3.8	1.10073e-17
3.805	1.83214e-17
3.81	7.31894e-18
3.815	1.82734e-17
3.82	1.45995e-17
3.825	1.45804e-17
3.83	1.82017e-17
3.835	7.2712e-18
3.84	1.49277e-17
3.845	1.12821e-17
3.85	1.48889e-17
3.855	1.44669e-17
3.86	7.22408e-18
3.865	7.21472e-18
3.87	7.2054e-18
3.875	2.06536e-17
3.88	1.07802e-17
3.885	7.17756e-18
3.89	1.43367e-17
3.895	2.45256e-17
3.9	1.42999e-17
3.905	1.07112e-17
3.91	3.56582e-18
3.915	1.06838e-17
3.92	1.06701e-17
3.925	2.13131e-17
3.93	7.09532e-18
3.935	7.0863e-18
3.94	1.41546e-17
3.945	2.38211e-17
3.95	2.82375e-17
3.955	1.1426e-17
3.96	2.11246e-17
3.965	1.40653e-17
3.97	1.05357e-17
3.975	1.75374e-17
3.98	1.05092e-17
3.985	1.6974e-17
3.99	1.04828e-17
3.995	1.39596e-17
4	1.72983e-17
4.005	1.72767e-17
4.01	3.12916e-17
4.015	1.04175e-17
4.02	2.42773e-17
4.025	1.07772e-17
4.03	1.03787e-17
4.035	1.3757e-17
4.04	1.7255e-17
4.045	2.01688e-17
4.05	1.10939e-17
4.055	1.71912e-17
4.06	2.04765e-17
4.065	2.38811e-17
4.07	1.37022e-17
4.075	3.42135e-18
4.08	1.65785e-17
4.085	1.36519e-17
4.09	1.7044e-17
4.095	1.05929e-17
4.1	1.02014e-17
4.105	1.64775e-17
4.11	1.35058e-17
4.115	2.35907e-17
4.12	1.35358e-17
4.125	3.37985e-18
4.13	1.01273e-17
4.135	1.34241e-17
4.14	1.6838e-17
4.145	1.04651e-17
4.15	1.67974e-17
4.155	1.67772e-17
4.16	1.34056e-17
4.165	2.29347e-17
4.17	1.07745e-17
4.175	1.33574e-17
4.18	3.33535e-18
4.185	1.96726e-17
4.19	9.98216e-18
4.195	9.97025e-18
4.2	1.99168e-17
4.205	9.94653e-18
4.21	1.98694e-17
4.215	2.30307e-17
4.22	1.6396e-17
4.225	1.35054e-17
4.23	2.18482e-17
4.235	9.87603e-18
4.24	1.02336e-17
4.245	9.85275e-18
4.25	6.56077e-18
4.255	3.27653e-18
4.26	9.81803e-18
4.265	9.80652e-18
4.27	2.16403e-17
4.275	3.26119e-18
4.28	6.51475e-18
4.285	9.76072e-18
4.29	1.29991e-17
4.295	4.45373e-18
4.3	6.48443e-18
4.305	3.23845e-18
4.31	9.70407e-18
4.315	1.29238e-17
4.32	3.2272e-18
4.325	1.28939e-17
4.33	1.60987e-17
4.335	6.43205e-18
4.34	6.42463e-18
4.345	1.55699e-17
4.35	1.27634e-17
4.355	1.00758e-17
4.36	9.59272e-18
4.365	1.83899e-17
4.37	3.19025e-18
4.375	3.1866e-18
4.38	3.18296e-18
4.385	2.15412e-17
4.39	1.27028e-17
4.395	6.34419e-18
4.4	3.16849e-18
4.405	3.16489e-18
4.41	9.4839e-18
4.415	6.31543e-18
4.42	3.15414e-18
4.425	3.15058e-18
4.43	6.29404e-18
4.435	3.14347e-18
4.44	6.27985e-18
4.445	1.57922e-17
4.45	1.52024e-17
4.455	3.12935e-18
4.46	1.52781e-17
4.465	1.79778e-17
4.47	1.55942e-17
4.475	3.11535e-18
4.48	6.22375e-18
4.485	9.32521e-18
4.49	9.31482e-18
4.495	1.2515e-17
4.5	3.09804e-18
4.505	1.81112e-17
4.51	2.09499e-17
4.515	9.26322e-18
4.52	9.70778e-18
4.525	3.08091e-18
4.53	1.231e-17
4.535	9.22234e-18
4.54	9.21218e-18
4.545	9.65435e-18
4.55	9.19192e-18
4.555	9.18183e-18
4.56	3.05725e-18
4.565	9.1617e-18
4.57	6.10111e-18
4.575	3.04722e-18
4.58	1.26244e-17
4.585	9.12171e-18
4.59	9.11177e-18
4.595	6.0679e-18
4.6	3.03065e-18
4.605	6.05472e-18
4.61	1.74652e-17
4.615	9.40164e-18
4.62	6.03505e-18
4.625	9.04278e-18
4.63	1.5055e-17
4.635	1.4701e-17
4.64	1.46851e-17
4.645	6.00255e-18
4.65	2.99805e-18
4.655	8.98447e-18
4.66	2.02693e-17
4.665	1.45013e-17
4.67	6.69338e-18
4.675	1.491e-17
4.68	1.50046e-17
4.685	5.95127e-18
4.69	2.97246e-18
4.695	1.18772e-17
4.7	1.48307e-17
4.705	1.4485e-17
4.71	5.91967e-18
4.715	0
4.72	1.18662e-17
4.725	2.95043e-18
4.73	8.84194e-18
4.735	1.69521e-17
4.74	2.94109e-18
4.745	5.87598e-18
4.75	2.9349e-18
4.755	1.43298e-17
4.76	5.85745e-18
4.765	2.92565e-18
4.77	2.92258e-18
4.775	8.75856e-18
4.78	2.91647e-18
4.785	1.67749e-17
4.79	2.91037e-18
4.795	2.90734e-18
4.8	2.90431e-18
4.805	2.90128e-18
4.81	5.79653e-18
4.815	1.44763e-17
4.82	1.40348e-17
4.825	1.1557e-17
4.83	8.65878e-18
4.835	1.66013e-17
4.84	1.44015e-17
4.845	1.43866e-17
4.85	5.7487e-18
4.855	8.61417e-18
4.86	1.14737e-17
4.865	9.019e-18
4.87	2.86254e-18
4.875	1.68867e-17
4.88	1.42834e-17
4.885	1.71225e-17
4.89	8.97286e-18
4.895	1.88758e-17
4.9	1.143e-17
4.905	8.52631e-18
4.91	8.51762e-18
4.915	2.83632e-18
4.92	1.87826e-17
4.925	1.67152e-17
4.93	0
4.935	8.47445e-18
4.94	2.82196e-18
4.945	2.8191e-18
4.95	5.63251e-18
4.955	1.37511e-17
4.96	1.37372e-17
4.965	5.61548e-18
4.97	2.80491e-18
4.975	1.61367e-17
4.98	8.39784e-18
4.985	1.40807e-17
4.99	8.381e-18
4.995	2.79087e-18
5	1.67285e-17
5.005	8.35587e-18
5.01	8.34752e-18
5.015	1.11189e-17
5.02	1.84055e-17
5.025	8.32259e-18
5.03	8.31432e-18
5.035	8.30606e-18
5.04	1.11124e-17
5.045	1.3816e-17
5.05	8.28137e-18
5.055	8.58288e-18
5.06	1.3775e-17
5.065	1.10091e-17
5.07	2.74956e-18
5.075	2.74685e-18
5.08	8.23244e-18
5.085	2.74145e-18
5.09	1.0955e-17
5.095	8.20819e-18
5.1	2.73338e-18
5.105	1.09228e-17
5.11	2.72803e-18
5.115	1.09014e-17
5.12	2.7227e-18
5.125	1.08802e-17
5.13	8.15216e-18
5.135	5.42948e-18
5.14	1.35605e-17
5.145	0
5.15	1.08273e-17
5.155	5.40841e-18
5.16	1.55077e-17
5.165	1.61938e-17
5.17	5.39271e-18
5.175	5.38749e-18
5.18	8.07344e-18
5.185	5.3771e-18
5.19	1.61157e-17
5.195	1.07335e-17
5.2	1.60847e-17
5.205	1.30432e-17
5.21	1.07026e-17
5.215	1.10891e-17
5.22	8.01154e-18
5.225	1.06718e-17
5.23	7.99622e-18
5.235	1.59771e-17
5.24	1.52708e-17
5.245	1.32889e-17
5.25	1.09166e-17
5.255	1.32636e-17
5.26	5.30039e-18
5.265	2.64768e-18
5.27	1.54783e-17
5.275	1.05706e-17
5.28	7.92046e-18
5.285	5.27531e-18
5.29	1.54198e-17
5.295	1.31633e-17
5.3	1.53907e-17
5.305	2.6277e-18
5.31	7.87569e-18
5.315	5.24552e-18
5.32	7.86088e-18
5.325	5.23566e-18
5.33	1.04615e-17
5.335	5.22584e-18
5.34	5.22095e-18
5.345	1.75787e-17
5.35	1.56336e-17
5.355	1.04126e-17
5.36	1.29554e-17
5.365	1.03932e-17
5.37	1.7545e-17
5.375	1.03739e-17
5.38	5.18211e-18
5.385	1.81205e-17
5.39	1.0345e-17
5.395	1.29192e-17
5.4	1.03258e-17
5.405	1.48044e-17
5.41	1.80368e-17
5.415	1.06793e-17
5.42	1.25733e-17
5.425	1.02782e-17
5.43	7.70156e-18
5.435	1.79538e-17
5.44	5.12493e-18
5.445	1.02404e-17
5.45	1.0231e-17
5.455	1.02217e-17
5.46	1.27654e-17
5.465	2.55074e-18
5.47	1.01936e-17
5.475	1.01843e-17
5.48	5.0875e-18
5.485	7.62429e-18
5.49	5.07823e-18
5.495	1.01472e-17
5.5	7.60349e-18
5.505	1.01288e-17
5.51	1.23209e-17
5.515	5.0552e-18
5.52	1.01012e-17
5.525	7.56907e-18
5.53	5.04148e-18
5.535	5.03693e-18
5.54	1.66796e-17
5.545	1.50835e-17
5.55	7.53496e-18
5.555	1.50564e-17
5.56	5.66554e-18
5.565	1.00195e-17
5.57	1.02891e-17
5.575	1.75027e-17
5.58	9.99258e-18
5.585	1.43271e-17
5.59	1.4962e-17
5.595	5.63008e-18
5.6	1.24461e-17
5.605	9.94798e-18
5.61	9.93911e-18
5.615	1.7378e-17
5.62	9.92142e-18
5.625	9.9126e-18
5.63	1.42125e-17
5.635	4.9475e-18
5.64	5.81443e-18
5.645	1.72856e-17
5.65	1.48031e-17
5.655	7.39499e-18
5.66	1.19485e-17
5.665	9.84257e-18
5.67	7.37542e-18
5.675	1.03721e-17
5.68	1.19064e-17
5.685	1.22599e-17
5.69	4.89966e-18
5.695	7.34303e-18
5.7	2.44553e-18
5.705	7.33015e-18
5.71	1.70887e-17
5.715	9.71117e-18
5.72	1.70588e-17
5.725	7.30453e-18
5.73	1.7029e-17
5.735	3.33258e-18
5.74	4.85696e-18
5.745	1.44681e-17
5.75	7.81253e-18
5.755	1.41733e-17
5.76	7.26013e-18
5.765	4.83588e-18
5.77	1.20792e-17
5.775	1.17105e-17
5.78	1.92933e-17
5.785	9.63832e-18
5.79	1.0166e-17
5.795	1.17593e-17
5.8	1.17492e-17
5.805	1.92102e-17
5.81	7.19762e-18
5.815	9.58857e-18
5.82	7.45189e-18
5.825	7.17908e-18
5.83	1.37691e-17
5.835	7.16677e-18
5.84	1.15801e-17
5.845	1.66938e-17
5.85	1.18255e-17
5.855	1.37103e-17
5.86	7.13618e-18
5.865	1.18835e-17
5.87	1.60893e-17
5.875	1.18633e-17
5.88	9.48253e-18
5.885	7.10585e-18
5.89	7.36329e-18
5.895	1.41876e-17
5.9	1.1813e-17
5.905	1.65241e-17
5.91	1.65102e-17
5.915	2.3566e-18
5.92	1.41276e-17
5.925	1.14139e-17
5.93	9.40254e-18
5.935	1.60919e-17
5.94	3.21751e-18
5.945	9.37881e-18
5.95	1.13659e-17
5.955	1.16169e-17
5.96	2.10492e-17
5.965	2.33684e-18
5.97	1.63442e-17
5.975	2.33292e-18
5.98	6.99292e-18
5.985	2.32902e-18
5.99	6.98124e-18
5.995	9.30055e-18
6	1.54003e-17
6.005	6.96379e-18
6.01	1.53724e-17
6.015	2.3174e-18
6.02	4.63096e-18
6.025	2.31356e-18
6.03	1.12173e-17
6.035	4.61944e-18
6.04	1.11987e-17
6.045	1.32769e-17
6.05	2.30399e-18
6.055	1.15914e-17
6.06	4.60038e-18
6.065	4.59658e-18
6.07	2.2964e-18
6.075	1.60615e-17
6.08	1.51953e-17
6.085	4.58147e-18
6.09	2.28885e-18
6.095	6.86092e-18
6.1	7.19226e-18
6.105	1.14161e-17
6.11	4.56271e-18
6.115	1.11437e-17
6.12	2.27763e-18
6.125	1.14588e-17
6.13	2.27391e-18
6.135	9.12816e-18
6.14	1.5386e-17
6.145	2.26836e-18
6.15	5.08195e-18
6.155	2.26467e-18
6.16	9.05133e-18
6.165	6.78299e-18
6.17	6.77749e-18
6.175	9.02933e-18
6.18	2.25551e-18
6.185	5.34589e-18
6.19	1.09272e-17
6.195	2.25004e-18
6.2	4.49645e-18
6.205	2.24641e-18
6.21	8.97842e-18
6.215	6.72839e-18
6.22	1.29426e-17
6.225	4.47839e-18
6.23	6.71219e-18
6.235	7.03865e-18
6.24	6.95229e-18
6.245	7.02519e-18
6.25	2.23023e-18
6.255	2.22845e-18
6.26	1.11333e-17
6.265	2.22489e-18
6.27	1.47347e-17
6.275	4.44269e-18
6.28	6.65872e-18
6.285	1.1089e-17
6.29	8.82522e-18
6.295	1.46761e-17
6.3	8.88899e-18
6.305	1.10539e-17
6.31	1.10451e-17
6.315	4.41454e-18
6.32	6.61656e-18
6.325	4.40755e-18
6.33	2.20204e-18
6.335	6.60089e-18
6.34	1.26589e-17
6.345	6.59048e-18
6.35	2.1951e-18
6.355	6.58011e-18
6.36	2.19164e-18
6.365	4.37984e-18
6.37	2.1882e-18
6.375	2.18649e-18
6.38	0
6.385	2.18306e-18
6.39	4.3627e-18
6.395	1.05768e-17
6.4	6.53382e-18
6.405	2.17624e-18
6.41	6.52363e-18
6.415	2.17285e-18
6.42	2.97898e-18
6.425	1.08473e-17
6.43	4.33555e-18
6.435	6.49827e-18
6.44	4.32882e-18
6.445	6.73107e-18
6.45	1.04866e-17
6.455	4.31875e-18
6.46	6.47311e-18
6.465	8.62414e-18
6.47	6.78079e-18
6.475	1.08434e-17
6.48	8.64198e-18
6.485	6.44815e-18
6.49	2.14773e-18
6.495	8.58429e-18
6.5	2.14442e-18
6.505	2.94003e-18
6.51	1.07056e-17
6.515	6.41845e-18
6.52	2.13784e-18
6.525	1.0366e-17
6.53	8.53826e-18
6.535	1.41369e-17
6.54	0
6.545	2.12967e-18
6.55	2.12805e-18
6.555	8.50568e-18
6.56	6.61302e-18
6.565	1.43854e-17
6.57	4.24313e-18
6.575	0
6.58	4.23668e-18
6.585	6.35019e-18
6.59	6.65727e-18
6.595	8.41692e-18
6.6	2.11192e-18
6.605	1.26619e-17
6.61	6.32616e-18
6.615	2.10713e-18
6.62	8.42214e-18
6.625	1.02095e-17
6.63	1.44065e-17
6.635	1.02679e-17
6.64	6.29757e-18
6.645	8.42731e-18
6.65	2.09603e-18
6.655	1.41949e-17
6.66	6.58727e-18
6.665	6.27394e-18
6.67	8.35898e-18
6.675	1.0133e-17
6.68	1.38299e-17
6.685	4.17011e-18
6.69	2.08349e-18
6.695	8.32775e-18
6.7	2.08038e-18
6.705	2.07883e-18
6.71	8.34767e-18
6.715	6.22721e-18
6.72	1.22487e-17
6.725	2.07265e-18
6.73	4.14221e-18
6.735	4.13914e-18
6.74	1.00352e-17
6.745	8.266e-18
6.75	1.36865e-17
6.755	2.06344e-18
6.76	4.12382e-18
6.765	6.41255e-18
6.77	8.31186e-18
6.775	4.11469e-18
6.78	9.97598e-18
6.785	8.21725e-18
6.79	8.5139e-18
6.795	4.10257e-18
6.8	4.09956e-18
6.805	1.22896e-17
6.81	1.02698e-17
6.815	8.48266e-18
6.82	1.22626e-17
6.825	1.02113e-17
6.83	4.61167e-18
6.835	9.93152e-18
6.84	4.07557e-18
6.845	4.0726e-18
6.85	1.02098e-17
6.855	8.13331e-18
6.86	6.09553e-18
6.865	4.06073e-18
6.87	8.11554e-18
6.875	1.0137e-17
6.88	8.10374e-18
6.885	4.04893e-18
6.89	6.06898e-18
6.895	4.04305e-18
6.9	6.06018e-18
6.905	8.07439e-18
6.91	1.21028e-17
6.915	1.15705e-17
6.92	4.02844e-18
6.925	6.0383e-18
6.93	4.02262e-18
6.935	6.25334e-18
6.94	4.01683e-18
6.945	4.01393e-18
6.95	6.01657e-18
6.955	4.00816e-18
6.96	8.01056e-18
6.965	6.0036e-18
6.97	3.99953e-18
6.975	9.73211e-18
6.98	1.39783e-17
6.985	3.99094e-18
6.99	9.97021e-18
6.995	3.98523e-18
7	9.95596e-18
7.005	7.95908e-18
7.01	3.9767e-18
7.015	5.9608e-18
7.02	3.97103e-18
7.025	7.93641e-18
7.03	1.18961e-17
7.035	1.15936e-17
7.04	9.89937e-18
7.045	3.95694e-18
7.05	5.93119e-18
7.055	6.14694e-18
7.06	7.89705e-18
7.065	9.89901e-18
7.07	1.15362e-17
7.075	1.13087e-17
7.08	5.90605e-18
7.085	3.93459e-18
7.09	9.5742e-18
7.095	3.92904e-18
7.1	3.92627e-18
7.105	9.80877e-18
7.11	1.15421e-17
7.115	5.87699e-18
7.12	7.83048e-18
7.125	3.91249e-18
7.13	5.86462e-18
7.135	1.17897e-17
7.14	1.1423e-17
7.145	7.80307e-18
7.15	1.16964e-17
7.155	9.7402e-18
7.16	8.07378e-18
7.165	3.89064e-18
7.17	3.88793e-18
7.175	7.77043e-18
7.18	5.82377e-18
7.185	7.97558e-18
7.19	3.87711e-18
7.195	1.54977e-17
7.2	7.95896e-18
7.205	9.67259e-18
7.21	9.66588e-18
7.215	9.37242e-18
7.22	9.68642e-18
7.225	3.85832e-18
7.23	1.1567e-17
7.235	3.85299e-18
7.24	3.85032e-18
7.245	5.7715e-18
7.25	7.69002e-18
7.255	1.15271e-17
7.26	7.67943e-18
7.265	3.83707e-18
7.27	5.75164e-18
7.275	3.83179e-18
7.28	6.02794e-18
7.285	1.14796e-17
7.29	1.09751e-17
7.295	9.30505e-18
7.3	9.54667e-18
7.305	2.61608e-18
7.31	1.29188e-17
7.315	1.33379e-17
7.32	1.1142e-17
7.325	5.70844e-18
7.33	7.5355e-18
7.335	5.70066e-18
7.34	5.69677e-18
7.345	7.59052e-18
7.35	9.41133e-18
7.355	9.40493e-18
7.36	1.13626e-17
7.365	1.32473e-17
7.37	9.45596e-18
7.375	1.88991e-18
7.38	5.87614e-18
7.385	1.13241e-17
7.39	5.86819e-18
7.395	1.13088e-17
7.4	5.86026e-18
7.405	5.64675e-18
7.41	1.12859e-17
7.415	7.44909e-18
7.42	9.39222e-18
7.425	6.0495e-18
7.43	5.62774e-18
7.435	7.53339e-18
7.44	1.87339e-18
7.445	5.6164e-18
7.45	9.35438e-18
7.455	9.34811e-18
7.46	7.47347e-18
7.465	9.26629e-18
7.47	9.32933e-18
7.475	1.86462e-18
7.48	9.04026e-18
7.485	1.11728e-17
7.49	1.86088e-18
7.495	2.54974e-18
7.5	7.4336e-18
7.505	9.28581e-18
7.51	1.11355e-17
7.515	1.29828e-17
7.52	5.56037e-18
7.525	1.11133e-17
7.53	5.55298e-18
7.535	3.69953e-18
7.54	1.29398e-17
7.545	1.84731e-18
7.55	1.10765e-17
7.555	5.5346e-18
7.56	8.94456e-18
7.565	5.52728e-18
7.57	8.93274e-18
7.575	1.65599e-17
7.58	5.72105e-18
7.585	1.83757e-18
7.59	1.83636e-18
7.595	9.17573e-18
7.6	7.33576e-18
7.605	1.83273e-18
7.61	9.15764e-18
7.615	7.28734e-18
7.62	9.14562e-18
7.625	1.06962e-17
7.63	5.48018e-18
7.635	5.47659e-18
7.64	7.26349e-18
7.645	5.46942e-18
7.65	7.28779e-18
7.655	5.46227e-18
7.66	5.45871e-18
7.665	7.27353e-18
7.67	8.81624e-18
7.675	7.46622e-18
7.68	1.27038e-17
7.685	7.18729e-18
7.69	1.06058e-17
7.695	7.24516e-18
7.7	5.83337e-18
7.705	9.04469e-18
7.71	8.77049e-18
7.715	7.22637e-18
7.72	5.61726e-18
7.725	9.02127e-18
7.73	9.01543e-18
7.735	1.80192e-18
7.74	7.20302e-18
7.745	8.79762e-18
7.75	5.39529e-18
7.755	7.18909e-18
7.76	1.79611e-18
7.765	7.17983e-18
7.77	5.3814e-18
7.775	8.76191e-18
7.78	3.58299e-18
7.785	1.1868e-17
7.79	3.57839e-18
7.795	8.73942e-18
7.8	1.7869e-18
7.805	1.78575e-18
7.81	1.78461e-18
7.815	1.20872e-17
7.82	2.44548e-18
7.825	5.34357e-18
7.83	7.15149e-18
7.835	1.77891e-18
7.84	5.33334e-18
7.845	5.32994e-18
7.85	5.58836e-18
7.855	7.09753e-18
7.86	5.51891e-18
7.865	8.9264e-18
7.87	1.771e-18
7.875	5.30963e-18
7.88	7.1061e-18
7.885	8.83815e-18
7.89	8.83255e-18
7.895	3.53078e-18
7.9	1.76427e-18
7.905	7.05263e-18
7.91	8.55038e-18
7.915	8.80464e-18
7.92	3.51963e-18
7.925	8.79353e-18
7.93	3.51519e-18
7.935	1.75649e-18
7.94	5.26615e-18
7.945	7.04794e-18
7.95	1.75317e-18
7.955	1.75207e-18
7.96	5.25291e-18
7.965	8.49131e-18
7.97	1.02348e-17
7.975	5.24303e-18
7.98	1.15762e-17
7.985	8.5314e-18
7.99	1.74439e-18
7.995	1.00376e-17
8	1.74221e-18
8.005	8.70562e-18
8.01	3.48007e-18
8.015	1.15273e-17
8.02	3.47573e-18
8.025	8.68392e-18
8.03	5.2071e-18
8.035	1.01519e-17
8.04	1.14898e-17
8.045	9.9752e-18
8.05	8.4625e-18
8.055	1.73031e-18
8.06	3.45848e-18
8.065	1.72817e-18
8.07	6.90838e-18
8.075	2.36823e-18
8.08	5.17487e-18
8.085	3.86528e-18
8.09	1.20598e-17
8.095	5.16528e-18
8.1	1.7207e-18
8.105	1.71963e-18
8.11	8.59287e-18
8.115	5.15254e-18
8.12	9.91656e-18
8.125	1.7154e-18
8.13	1.71435e-18
8.135	6.88328e-18
8.14	8.3689e-18
8.145	1.71119e-18
8.15	3.42027e-18
8.155	1.13277e-17
8.16	3.41608e-18
8.165	8.34327e-18
8.17	1.70595e-18
8.175	6.81962e-18
8.18	8.26806e-18
8.185	6.81129e-18
8.19	1.12793e-17
8.195	1.19052e-17
8.2	6.76895e-18
8.205	5.09601e-18
8.21	5.0929e-18
8.215	1.6966e-18
8.22	1.69557e-18
8.225	6.77815e-18
8.23	2.32361e-18
8.235	1.15978e-17
8.24	3.3829e-18
8.245	5.07128e-18
8.25	3.78795e-18
8.255	1.68838e-18
8.26	8.43678e-18
8.265	5.059e-18
8.27	1.1422e-17
8.275	6.76679e-18
8.28	1.68328e-18
8.285	5.04679e-18
8.29	3.36249e-18
8.295	8.1534e-18
8.3	3.76513e-18
8.305	1.11231e-17
8.31	1.6772e-18
8.315	3.35238e-18
8.32	5.02555e-18
8.325	3.34835e-18
8.33	1.67317e-18
8.335	1.67217e-18
8.34	3.34233e-18
8.345	2.29158e-18
8.35	8.40775e-18
8.355	1.10565e-17
8.36	1.66717e-18
8.365	6.66467e-18
8.37	1.66517e-18
8.375	1.12787e-17
8.38	1.66319e-18
8.385	1.66219e-18
8.39	3.3224e-18
8.395	8.30106e-18
8.4	9.58591e-18
8.405	1.65824e-18
8.41	1.65725e-18
8.415	6.62506e-18
8.42	5.20993e-18
8.425	4.9629e-18
8.43	6.61327e-18
8.435	8.01803e-18
8.44	6.5764e-18
8.445	1.65038e-18
8.45	3.29881e-18
8.455	8.24214e-18
8.46	3.29491e-18
8.465	8.2324e-18
8.47	3.29101e-18
8.475	3.28907e-18
8.48	8.21783e-18
8.485	6.57039e-18
8.49	3.28326e-18
8.495	6.56265e-18
8.5	3.2794e-18
8.505	4.9162e-18
8.51	6.55108e-18
8.515	0
8.52	3.2717e-18
8.525	3.26978e-18
8.53	4.90179e-18
8.535	9.37364e-18
8.54	9.6104e-18
8.545	7.94345e-18
8.55	3.26021e-18
8.555	3.25831e-18
8.56	3.2564e-18
8.565	6.509e-18
8.57	8.1315e-18
8.575	6.74108e-18
8.58	4.87321e-18
8.585	3.24692e-18
8.59	6.49005e-18
8.595	8.10784e-18
8.6	1.62063e-18
8.605	5.06942e-18
8.61	9.71246e-18
8.615	6.47121e-18
8.62	1.13181e-17
8.625	9.2758e-18
8.63	3.22998e-18
8.635	6.45622e-18
8.64	3.22624e-18
8.645	4.83656e-18
8.65	9.24898e-18
8.655	6.4413e-18
8.66	6.61675e-18
8.665	3.21693e-18
8.67	4.82261e-18
8.675	1.60661e-18
8.68	7.79008e-18
8.685	4.81428e-18
8.69	6.41534e-18
8.695	7.80638e-18
8.7	3.20398e-18
8.705	6.40429e-18
8.71	4.80046e-18
8.715	9.17998e-18
8.72	6.39327e-18
8.725	3.1948e-18
8.73	9.57891e-18
8.735	4.78671e-18
8.74	3.18932e-18
8.745	6.37498e-18
8.75	3.18567e-18
8.755	6.3677e-18
8.76	4.77305e-18
8.765	9.59655e-18
8.77	9.29931e-18
8.775	9.52978e-18
8.78	6.34956e-18
8.785	4.75946e-18
8.79	1.58558e-18
8.795	3.16937e-18
8.8	9.50269e-18
8.805	9.08612e-18
8.81	4.74595e-18
8.815	6.32435e-18
8.82	9.24658e-18
8.825	4.73788e-18
8.83	3.1568e-18
8.835	6.31003e-18
8.84	9.28416e-18
8.845	3.15144e-18
8.85	7.66962e-18
8.855	9.0348e-18
8.86	7.86527e-18
8.865	6.28867e-18
8.87	3.14256e-18
8.875	7.648e-18
8.88	7.61457e-18
8.885	6.27451e-18
8.89	1.2542e-17
8.895	3.13372e-18
8.9	4.69795e-18
8.905	6.26041e-18
8.91	3.12845e-18
8.915	9.38008e-18
8.92	9.37482e-18
8.925	6.24638e-18
8.93	6.24288e-18
8.935	6.23938e-18
8.94	7.79487e-18
8.945	3.1162e-18
8.95	1.0525e-17
8.955	4.66908e-18
8.96	5.01282e-18
8.965	6.2185e-18
8.97	4.66127e-18
8.975	9.31735e-18
8.98	7.52976e-18
8.985	1.55116e-18
8.99	9.3018e-18
8.995	7.51719e-18
9	6.19431e-18
9.005	7.56628e-18
9.01	7.73429e-18
9.015	1.0822e-17
9.02	4.63543e-18
9.025	7.4922e-18
9.03	4.80212e-18
9.035	7.71288e-18
9.04	4.7682e-18
9.045	1.54087e-18
9.05	1.54002e-18
9.055	4.6175e-18
9.06	1.04227e-17
9.065	6.14988e-18
9.07	1.08104e-17
9.075	3.4135e-18
9.08	6.13972e-18
9.085	1.05109e-17
9.09	6.13296e-18
9.095	7.60512e-18
9.1	4.59466e-18
9.105	6.12285e-18
9.11	4.58962e-18
9.115	3.05807e-18
9.12	7.6947e-18
9.125	7.63679e-18
9.13	6.07776e-18
9.135	4.74691e-18
9.14	8.92276e-18
9.145	1.06681e-17
9.15	2.08843e-18
9.155	8.90813e-18
9.16	7.55114e-18
9.165	1.00805e-17
9.17	4.55958e-18
9.175	7.36968e-18
9.18	6.07282e-18
9.185	4.55213e-18
9.19	4.54965e-18
9.195	7.35364e-18
9.2	7.57451e-18
9.205	9.08448e-18
9.21	1.02529e-17
9.215	1.51244e-18
9.22	6.01841e-18
9.225	7.32972e-18
9.23	6.01189e-18
9.235	7.5458e-18
9.24	4.52503e-18
9.245	6.03011e-18
9.25	1.0547e-17
9.255	8.81185e-18
9.26	1.03122e-17
9.265	4.51281e-18
9.27	7.5173e-18
9.275	1.50265e-18
9.28	4.67271e-18
9.285	7.50515e-18
9.29	4.50067e-18
9.295	4.49824e-18
9.3	4.49583e-18
9.305	4.66016e-18
9.31	7.48499e-18
9.315	5.92926e-18
9.32	5.98157e-18
9.325	4.48377e-18
9.33	4.64767e-18
9.335	1.04509e-17
9.34	9.89158e-18
9.345	8.94834e-18
9.35	4.63772e-18
9.355	4.63524e-18
9.36	8.934e-18
9.365	4.46461e-18
9.37	7.48934e-18
9.375	7.43308e-18
9.38	4.45747e-18
9.385	3.32827e-18
9.39	7.20089e-18
9.395	8.9007e-18
9.4	7.19322e-18
9.405	7.35437e-18
9.41	6.06175e-18
9.415	7.18176e-18
9.42	7.39756e-18
9.425	4.43618e-18
9.43	4.43383e-18
9.435	8.86296e-18
9.44	4.42913e-18
9.445	2.02318e-18
9.45	7.37407e-18
9.455	7.37017e-18
9.46	4.41977e-18
9.465	7.36238e-18
9.47	7.35849e-18
9.475	2.94184e-18
9.48	7.35073e-18
9.485	5.87748e-18
9.49	4.62235e-18
9.495	1.46782e-18
9.5	5.8682e-18
9.505	4.39883e-18
9.51	5.88779e-18
9.515	0
9.52	1.46397e-18
9.525	5.85279e-18
9.53	7.31215e-18
9.535	2.92333e-18
9.54	4.38269e-18
9.545	7.08535e-18
9.55	2.00235e-18
9.555	4.37581e-18
9.56	9.66246e-18
9.565	1.45708e-18
9.57	1.45632e-18
9.575	2.91111e-18
9.58	1.4548e-18
9.585	1.45404e-18
9.59	0
9.595	7.04841e-18
9.6	2.90353e-18
9.605	7.09209e-18
9.61	4.35076e-18
9.615	2.899e-18
9.62	7.24373e-18
9.625	2.89598e-18
9.63	4.55513e-18
9.635	1.44649e-18
9.64	3.24162e-18
9.645	7.22494e-18
9.65	8.53145e-18
9.655	7.05535e-18
9.66	4.32823e-18
9.665	3.23323e-18
9.67	4.32376e-18
9.675	4.32152e-18
9.68	4.5316e-18
9.685	1.43902e-18
9.69	5.77839e-18
9.695	6.97569e-18
9.7	1.43679e-18
9.705	7.18027e-18
9.71	4.30594e-18
9.715	5.76351e-18
9.72	9.50337e-18
9.725	1.4331e-18
9.73	4.29709e-18
9.735	1.43163e-18
9.74	5.93457e-18
9.745	2.86031e-18
9.75	4.28827e-18
9.755	5.71476e-18
9.76	1.42796e-18
9.765	5.70891e-18
9.77	6.97228e-18
9.775	1.42577e-18
9.78	5.70015e-18
9.785	9.44022e-18
9.79	5.69433e-18
9.795	4.26856e-18
9.8	7.11064e-18
9.805	5.68561e-18
9.81	4.47153e-18
9.815	7.09977e-18
9.82	4.41708e-18
9.825	8.19521e-18
9.83	2.83557e-18
9.835	7.08533e-18
9.84	4.24904e-18
9.845	4.45563e-18
9.85	4.24472e-18
9.855	3.17088e-18
9.86	6.85893e-18
9.865	1.41276e-18
9.87	3.16606e-18
9.875	4.23397e-18
9.88	5.66724e-18
9.885	1.4099e-18
9.89	1.40918e-18
9.895	2.81694e-18
9.9	1.40776e-18
9.905	7.03524e-18
9.91	9.32249e-18
9.915	4.21689e-18
9.92	5.61968e-18
9.925	4.37034e-18
9.93	8.08112e-18
9.935	4.2084e-18
9.94	6.80371e-18
9.945	2.80278e-18
9.95	2.80137e-18
9.955	4.19994e-18
9.96	1.39928e-18
9.965	6.83581e-18
9.97	2.79575e-18
9.975	6.98586e-18
9.98	6.98236e-18
9.985	1.39577e-18
9.99	7.02714e-18
9.995	5.60201e-18
10	4.18103e-18
