/*--------------------------------*- C++ -*----------------------------------*\
| =========                 |                                                 |
| \\      /  F ield         | OpenFOAM: The Open Source CFD Toolbox           |
|  \\    /   O peration     | Version:  2.3.0                                 |
|   \\  /    A nd           | Web:      www.OpenFOAM.org                      |
|    \\/     M anipulation  |                                                 |
\*---------------------------------------------------------------------------*/
FoamFile
{
    version     2.0;
    format      ascii;
    class       labelList;
    note        "nPoints:125  nCells:64  nFaces:240  nInternalFaces:144";
    location    "9.5/polyMesh";
    object      owner;
}
// * * * * * * * * * * * * * * * * * * * * * * * * * * * * * * * * * * * * * //


240
(
0
0
0
1
1
1
2
2
2
3
3
3
4
4
4
5
5
5
6
6
6
7
7
7
8
8
8
8
8
8
9
9
9
10
10
10
11
11
11
12
12
13
13
14
14
15
15
15
15
15
16
16
17
17
17
18
18
18
19
19
20
21
22
22
22
22
22
23
23
24
24
24
25
25
25
26
26
27
28
29
29
29
29
30
30
31
31
32
32
32
33
34
36
36
36
36
36
37
37
38
38
38
39
39
39
40
41
42
42
43
43
43
43
44
44
45
45
46
46
46
47
49
50
50
50
50
51
51
52
52
53
53
53
54
56
57
57
57
58
58
59
59
60
60
2
0
1
0
6
7
3
4
6
2
3
7
5
1
5
4
25
26
24
11
12
10
17
19
18
9
13
11
53
54
51
58
61
60
31
33
32
39
40
37
51
55
52
23
27
25
32
34
30
59
62
58
44
47
46
18
20
16
45
48
44
37
41
38
0
2
3
1
10
14
9
24
28
23
30
35
31
16
21
17
4
5
7
6
38
42
39
46
49
45
60
63
59
52
56
53
)


// ************************************************************************* //
