0.005	1
0.01	0.993924
0.015	0.338362
0.02	0.202437
0.025	0.127006
0.03	0.0923453
0.035	0.0725469
0.04	0.0597394
0.045	0.0507755
0.05	0.0441508
0.055	0.0390553
0.06	0.0350144
0.065	0.0317313
0.07	0.0290111
0.075	0.0267205
0.08	0.0247652
0.085	0.0230766
0.09	0.0216036
0.095	0.0203073
0.1	0.0191579
0.105	0.0181316
0.11	0.0172096
0.115	0.016377
0.12	0.0156211
0.125	0.014932
0.13	0.0143011
0.135	0.0137214
0.14	0.0131869
0.145	0.0126924
0.15	0.0122337
0.155	0.011807
0.16	0.0114091
0.165	0.0110371
0.17	0.0106887
0.175	0.0103615
0.18	0.0100538
0.185	0.00976387
0.19	0.00949018
0.195	0.00923142
0.2	0.0089864
0.205	0.00875405
0.21	0.00853342
0.215	0.00832364
0.22	0.00812393
0.225	0.00793358
0.23	0.00775195
0.235	0.00757845
0.24	0.00741256
0.245	0.00725377
0.25	0.00710164
0.255	0.00695577
0.26	0.00681577
0.265	0.0066813
0.27	0.00655204
0.275	0.00642768
0.28	0.00630796
0.285	0.00619261
0.29	0.00608142
0.295	0.00597414
0.3	0.00587059
0.305	0.00577057
0.31	0.0056739
0.315	0.00558042
0.32	0.00548997
0.325	0.0054024
0.33	0.00531759
0.335	0.0052354
0.34	0.00515572
0.345	0.00507842
0.35	0.00500341
0.355	0.00493058
0.36	0.00485985
0.365	0.00479112
0.37	0.0047243
0.375	0.00465933
0.38	0.00459611
0.385	0.0045346
0.39	0.0044747
0.395	0.00441637
0.4	0.00435955
0.405	0.00430416
0.41	0.00425017
0.415	0.00419752
0.42	0.00414615
0.425	0.00409603
0.43	0.00404711
0.435	0.00399934
0.44	0.00395269
0.445	0.00390711
0.45	0.00386257
0.455	0.00381904
0.46	0.00377648
0.465	0.00373486
0.47	0.00369415
0.475	0.00365431
0.48	0.00361533
0.485	0.00357717
0.49	0.0035398
0.495	0.00350321
0.5	0.00346737
0.505	0.00343226
0.51	0.00339785
0.515	0.00336413
0.52	0.00333106
0.525	0.00329865
0.53	0.00326685
0.535	0.00323567
0.54	0.00320507
0.545	0.00317505
0.55	0.00314559
0.555	0.00311667
0.56	0.00308827
0.565	0.00306039
0.57	0.00303301
0.575	0.00300612
0.58	0.00297969
0.585	0.00295373
0.59	0.00292822
0.595	0.00290315
0.6	0.0028785
0.605	0.00285426
0.61	0.00283044
0.615	0.002807
0.62	0.00278395
0.625	0.00276128
0.63	0.00273898
0.635	0.00271703
0.64	0.00269543
0.645	0.00267417
0.65	0.00265325
0.655	0.00263265
0.66	0.00261237
0.665	0.0025924
0.67	0.00257273
0.675	0.00255336
0.68	0.00253428
0.685	0.00251548
0.69	0.00249696
0.695	0.00247871
0.7	0.00246073
0.705	0.002443
0.71	0.00242553
0.715	0.00240831
0.72	0.00239133
0.725	0.00237458
0.73	0.00235808
0.735	0.0023418
0.74	0.00232574
0.745	0.0023099
0.75	0.00229428
0.755	0.00227886
0.76	0.00226366
0.765	0.00224865
0.77	0.00223384
0.775	0.00221923
0.78	0.00220481
0.785	0.00219057
0.79	0.00217652
0.795	0.00216264
0.8	0.00214894
0.805	0.00213542
0.81	0.00212206
0.815	0.00210887
0.82	0.00209584
0.825	0.00208298
0.83	0.00207027
0.835	0.00205771
0.84	0.00204531
0.845	0.00203305
0.85	0.00202095
0.855	0.00200898
0.86	0.00199716
0.865	0.00198547
0.87	0.00197392
0.875	0.00196251
0.88	0.00195122
0.885	0.00194007
0.89	0.00192904
0.895	0.00191814
0.9	0.00190736
0.905	0.0018967
0.91	0.00188616
0.915	0.00187573
0.92	0.00186542
0.925	0.00185523
0.93	0.00184514
0.935	0.00183517
0.94	0.0018253
0.945	0.00181553
0.95	0.00180588
0.955	0.00179632
0.96	0.00178686
0.965	0.00177751
0.97	0.00176825
0.975	0.00175908
0.98	0.00175002
0.985	0.00174104
0.99	0.00173216
0.995	0.00172336
1	0.00171466
1.005	0.00170604
1.01	0.00169751
1.015	0.00168907
1.02	0.00168071
1.025	0.00167243
1.03	0.00166423
1.035	0.00165611
1.04	0.00164808
1.045	0.00164011
1.05	0.00163223
1.055	0.00162442
1.06	0.00161669
1.065	0.00160903
1.07	0.00160144
1.075	0.00159392
1.08	0.00158648
1.085	0.0015791
1.09	0.00157179
1.095	0.00156455
1.1	0.00155737
1.105	0.00155027
1.11	0.00154322
1.115	0.00153624
1.12	0.00152932
1.125	0.00152247
1.13	0.00151567
1.135	0.00150894
1.14	0.00150227
1.145	0.00149565
1.15	0.00148909
1.155	0.0014826
1.16	0.00147615
1.165	0.00146977
1.17	0.00146343
1.175	0.00145716
1.18	0.00145093
1.185	0.00144476
1.19	0.00143864
1.195	0.00143258
1.2	0.00142656
1.205	0.0014206
1.21	0.00141468
1.215	0.00140881
1.22	0.001403
1.225	0.00139723
1.23	0.0013915
1.235	0.00138583
1.24	0.0013802
1.245	0.00137462
1.25	0.00136908
1.255	0.00136358
1.26	0.00135813
1.265	0.00135273
1.27	0.00134736
1.275	0.00134204
1.28	0.00133676
1.285	0.00133152
1.29	0.00132633
1.295	0.00132117
1.3	0.00131605
1.305	0.00131098
1.31	0.00130594
1.315	0.00130094
1.32	0.00129598
1.325	0.00129106
1.33	0.00128617
1.335	0.00128132
1.34	0.00127651
1.345	0.00127173
1.35	0.00126699
1.355	0.00126229
1.36	0.00125762
1.365	0.00125298
1.37	0.00124838
1.375	0.00124381
1.38	0.00123928
1.385	0.00123478
1.39	0.00123031
1.395	0.00122587
1.4	0.00122147
1.405	0.00121709
1.41	0.00121275
1.415	0.00120844
1.42	0.00120416
1.425	0.00119991
1.43	0.00119569
1.435	0.0011915
1.44	0.00118734
1.445	0.00118321
1.45	0.00117911
1.455	0.00117503
1.46	0.00117099
1.465	0.00116697
1.47	0.00116298
1.475	0.00115901
1.48	0.00115507
1.485	0.00115116
1.49	0.00114728
1.495	0.00114342
1.5	0.00113959
1.505	0.00113579
1.51	0.00113201
1.515	0.00112825
1.52	0.00112452
1.525	0.00112081
1.53	0.00111713
1.535	0.00111347
1.54	0.00110984
1.545	0.00110623
1.55	0.00110265
1.555	0.00109908
1.56	0.00109554
1.565	0.00109203
1.57	0.00108853
1.575	0.00108506
1.58	0.00108161
1.585	0.00107818
1.59	0.00107477
1.595	0.00107139
1.6	0.00106803
1.605	0.00106468
1.61	0.00106136
1.615	0.00105806
1.62	0.00105478
1.625	0.00105152
1.63	0.00104828
1.635	0.00104506
1.64	0.00104186
1.645	0.00103868
1.65	0.00103552
1.655	0.00103238
1.66	0.00102925
1.665	0.00102615
1.67	0.00102306
1.675	0.00102
1.68	0.00101695
1.685	0.00101392
1.69	0.00101091
1.695	0.00100791
1.7	0.00100494
1.705	0.00100198
1.71	0.000999036
1.715	0.000996112
1.72	0.000993205
1.725	0.000990315
1.73	0.000987442
1.735	0.000984585
1.74	0.000981745
1.745	0.000978922
1.75	0.000976114
1.755	0.000973323
1.76	0.000970548
1.765	0.000967788
1.77	0.000965044
1.775	0.000962316
1.78	0.000959603
1.785	0.000956906
1.79	0.000954223
1.795	0.000951556
1.8	0.000948904
1.805	0.000946266
1.81	0.000943643
1.815	0.000941035
1.82	0.000938441
1.825	0.000935861
1.83	0.000933296
1.835	0.000930744
1.84	0.000928207
1.845	0.000925683
1.85	0.000923173
1.855	0.000920677
1.86	0.000918194
1.865	0.000915725
1.87	0.000913269
1.875	0.000910826
1.88	0.000908396
1.885	0.000905979
1.89	0.000903575
1.895	0.000901184
1.9	0.000898805
1.905	0.000896439
1.91	0.000894086
1.915	0.000891745
1.92	0.000889416
1.925	0.000887099
1.93	0.000884794
1.935	0.000882502
1.94	0.000880221
1.945	0.000877952
1.95	0.000875695
1.955	0.000873449
1.96	0.000871215
1.965	0.000868992
1.97	0.000866781
1.975	0.000864581
1.98	0.000862392
1.985	0.000860214
1.99	0.000858047
1.995	0.000855891
2	0.000853746
2.005	0.000851612
2.01	0.000849488
2.015	0.000847375
2.02	0.000845273
2.025	0.000843181
2.03	0.000841099
2.035	0.000839028
2.04	0.000836967
2.045	0.000834916
2.05	0.000832875
2.055	0.000830844
2.06	0.000828823
2.065	0.000826812
2.07	0.00082481
2.075	0.000822818
2.08	0.000820836
2.085	0.000818864
2.09	0.000816901
2.095	0.000814947
2.1	0.000813003
2.105	0.000811068
2.11	0.000809142
2.115	0.000807225
2.12	0.000805318
2.125	0.000803419
2.13	0.00080153
2.135	0.000799649
2.14	0.000797777
2.145	0.000795914
2.15	0.00079406
2.155	0.000792214
2.16	0.000790377
2.165	0.000788549
2.17	0.000786728
2.175	0.000784917
2.18	0.000783114
2.185	0.000781319
2.19	0.000779532
2.195	0.000777753
2.2	0.000775983
2.205	0.00077422
2.21	0.000772466
2.215	0.00077072
2.22	0.000768981
2.225	0.00076725
2.23	0.000765528
2.235	0.000763812
2.24	0.000762105
2.245	0.000760405
2.25	0.000758713
2.255	0.000757029
2.26	0.000755351
2.265	0.000753682
2.27	0.000752019
2.275	0.000750365
2.28	0.000748717
2.285	0.000747076
2.29	0.000745443
2.295	0.000743817
2.3	0.000742198
2.305	0.000740586
2.31	0.000738982
2.315	0.000737384
2.32	0.000735793
2.325	0.000734209
2.33	0.000732631
2.335	0.000731061
2.34	0.000729497
2.345	0.00072794
2.35	0.00072639
2.355	0.000724846
2.36	0.000723309
2.365	0.000721778
2.37	0.000720254
2.375	0.000718736
2.38	0.000717225
2.385	0.00071572
2.39	0.000714221
2.395	0.000712729
2.4	0.000711243
2.405	0.000709763
2.41	0.000708289
2.415	0.000706822
2.42	0.00070536
2.425	0.000703905
2.43	0.000702456
2.435	0.000701012
2.44	0.000699575
2.445	0.000698143
2.45	0.000696718
2.455	0.000695298
2.46	0.000693884
2.465	0.000692475
2.47	0.000691073
2.475	0.000689676
2.48	0.000688285
2.485	0.000686899
2.49	0.000685519
2.495	0.000684145
2.5	0.000682776
2.505	0.000681412
2.51	0.000680054
2.515	0.000678702
2.52	0.000677355
2.525	0.000676013
2.53	0.000674677
2.535	0.000673345
2.54	0.000672019
2.545	0.000670699
2.55	0.000669383
2.555	0.000668073
2.56	0.000666768
2.565	0.000665468
2.57	0.000664173
2.575	0.000662883
2.58	0.000661598
2.585	0.000660318
2.59	0.000659043
2.595	0.000657773
2.6	0.000656508
2.605	0.000655248
2.61	0.000653993
2.615	0.000652742
2.62	0.000651496
2.625	0.000650255
2.63	0.000649019
2.635	0.000647788
2.64	0.000646561
2.645	0.000645339
2.65	0.000644121
2.655	0.000642908
2.66	0.0006417
2.665	0.000640496
2.67	0.000639297
2.675	0.000638102
2.68	0.000636912
2.685	0.000635726
2.69	0.000634545
2.695	0.000633368
2.7	0.000632195
2.705	0.000631027
2.71	0.000629863
2.715	0.000628703
2.72	0.000627548
2.725	0.000626397
2.73	0.00062525
2.735	0.000624107
2.74	0.000622969
2.745	0.000621834
2.75	0.000620704
2.755	0.000619578
2.76	0.000618456
2.765	0.000617338
2.77	0.000616224
2.775	0.000615115
2.78	0.000614009
2.785	0.000612907
2.79	0.000611809
2.795	0.000610715
2.8	0.000609625
2.805	0.000608539
2.81	0.000607457
2.815	0.000606379
2.82	0.000605304
2.825	0.000604234
2.83	0.000603167
2.835	0.000602104
2.84	0.000601045
2.845	0.000599989
2.85	0.000598937
2.855	0.000597889
2.86	0.000596845
2.865	0.000595804
2.87	0.000594767
2.875	0.000593733
2.88	0.000592703
2.885	0.000591677
2.89	0.000590654
2.895	0.000589635
2.9	0.000588619
2.905	0.000587607
2.91	0.000586598
2.915	0.000585593
2.92	0.000584591
2.925	0.000583593
2.93	0.000582598
2.935	0.000581606
2.94	0.000580618
2.945	0.000579633
2.95	0.000578652
2.955	0.000577674
2.96	0.000576699
2.965	0.000575727
2.97	0.000574759
2.975	0.000573794
2.98	0.000572833
2.985	0.000571874
2.99	0.000570919
2.995	0.000569967
3	0.000569018
3.005	0.000568073
3.01	0.00056713
3.015	0.000566191
3.02	0.000565254
3.025	0.000564321
3.03	0.000563391
3.035	0.000562464
3.04	0.00056154
3.045	0.00056062
3.05	0.000559702
3.055	0.000558787
3.06	0.000557875
3.065	0.000556966
3.07	0.00055606
3.075	0.000555157
3.08	0.000554258
3.085	0.00055336
3.09	0.000552466
3.095	0.000551575
3.1	0.000550687
3.105	0.000549801
3.11	0.000548919
3.115	0.000548039
3.12	0.000547162
3.125	0.000546288
3.13	0.000545417
3.135	0.000544548
3.14	0.000543682
3.145	0.000542819
3.15	0.000541959
3.155	0.000541102
3.16	0.000540247
3.165	0.000539395
3.17	0.000538546
3.175	0.000537699
3.18	0.000536855
3.185	0.000536014
3.19	0.000535175
3.195	0.000534339
3.2	0.000533505
3.205	0.000532675
3.21	0.000531846
3.215	0.000531021
3.22	0.000530198
3.225	0.000529377
3.23	0.000528559
3.235	0.000527744
3.24	0.000526931
3.245	0.00052612
3.25	0.000525313
3.255	0.000524507
3.26	0.000523704
3.265	0.000522904
3.27	0.000522106
3.275	0.00052131
3.28	0.000520517
3.285	0.000519727
3.29	0.000518938
3.295	0.000518152
3.3	0.000517369
3.305	0.000516588
3.31	0.000515809
3.315	0.000515033
3.32	0.000514259
3.325	0.000513487
3.33	0.000512718
3.335	0.000511951
3.34	0.000511186
3.345	0.000510423
3.35	0.000509663
3.355	0.000508905
3.36	0.00050815
3.365	0.000507396
3.37	0.000506645
3.375	0.000505896
3.38	0.00050515
3.385	0.000504405
3.39	0.000503663
3.395	0.000502923
3.4	0.000502185
3.405	0.000501449
3.41	0.000500716
3.415	0.000499984
3.42	0.000499255
3.425	0.000498528
3.43	0.000497803
3.435	0.00049708
3.44	0.000496359
3.445	0.000495641
3.45	0.000494924
3.455	0.00049421
3.46	0.000493497
3.465	0.000492787
3.47	0.000492079
3.475	0.000491372
3.48	0.000490668
3.485	0.000489966
3.49	0.000489266
3.495	0.000488568
3.5	0.000487872
3.505	0.000487177
3.51	0.000486485
3.515	0.000485795
3.52	0.000485107
3.525	0.000484421
3.53	0.000483736
3.535	0.000483054
3.54	0.000482373
3.545	0.000481695
3.55	0.000481018
3.555	0.000480344
3.56	0.000479671
3.565	0.000479
3.57	0.000478331
3.575	0.000477664
3.58	0.000476998
3.585	0.000476335
3.59	0.000475673
3.595	0.000475014
3.6	0.000474356
3.605	0.0004737
3.61	0.000473046
3.615	0.000472393
3.62	0.000471743
3.625	0.000471094
3.63	0.000470447
3.635	0.000469802
3.64	0.000469158
3.645	0.000468517
3.65	0.000467877
3.655	0.000467239
3.66	0.000466602
3.665	0.000465968
3.67	0.000465335
3.675	0.000464703
3.68	0.000464074
3.685	0.000463446
3.69	0.00046282
3.695	0.000462196
3.7	0.000461573
3.705	0.000460952
3.71	0.000460333
3.715	0.000459715
3.72	0.000459099
3.725	0.000458485
3.73	0.000457872
3.735	0.000457261
3.74	0.000456652
3.745	0.000456044
3.75	0.000455438
3.755	0.000454834
3.76	0.000454231
3.765	0.00045363
3.77	0.00045303
3.775	0.000452432
3.78	0.000451835
3.785	0.000451241
3.79	0.000450647
3.795	0.000450055
3.8	0.000449465
3.805	0.000448877
3.81	0.00044829
3.815	0.000447704
3.82	0.00044712
3.825	0.000446538
3.83	0.000445957
3.835	0.000445377
3.84	0.000444799
3.845	0.000444223
3.85	0.000443648
3.855	0.000443075
3.86	0.000442503
3.865	0.000441932
3.87	0.000441363
3.875	0.000440796
3.88	0.00044023
3.885	0.000439665
3.89	0.000439102
3.895	0.00043854
3.9	0.00043798
3.905	0.000437421
3.91	0.000436864
3.915	0.000436308
3.92	0.000435754
3.925	0.000435201
3.93	0.000434649
3.935	0.000434099
3.94	0.00043355
3.945	0.000433002
3.95	0.000432456
3.955	0.000431912
3.96	0.000431368
3.965	0.000430826
3.97	0.000430286
3.975	0.000429747
3.98	0.000429209
3.985	0.000428672
3.99	0.000428137
3.995	0.000427603
4	0.000427071
4.005	0.00042654
4.01	0.00042601
4.015	0.000425482
4.02	0.000424954
4.025	0.000424429
4.03	0.000423904
4.035	0.000423381
4.04	0.000422859
4.045	0.000422338
4.05	0.000421819
4.055	0.000421301
4.06	0.000420784
4.065	0.000420269
4.07	0.000419754
4.075	0.000419241
4.08	0.00041873
4.085	0.000418219
4.09	0.00041771
4.095	0.000417202
4.1	0.000416695
4.105	0.00041619
4.11	0.000415686
4.115	0.000415183
4.12	0.000414681
4.125	0.00041418
4.13	0.000413681
4.135	0.000413183
4.14	0.000412686
4.145	0.00041219
4.15	0.000411696
4.155	0.000411202
4.16	0.00041071
4.165	0.000410219
4.17	0.00040973
4.175	0.000409241
4.18	0.000408754
4.185	0.000408267
4.19	0.000407782
4.195	0.000407298
4.2	0.000406815
4.205	0.000406334
4.21	0.000405853
4.215	0.000405374
4.22	0.000404896
4.225	0.000404419
4.23	0.000403943
4.235	0.000403468
4.24	0.000402994
4.245	0.000402522
4.25	0.00040205
4.255	0.00040158
4.26	0.000401111
4.265	0.000400643
4.27	0.000400175
4.275	0.00039971
4.28	0.000399245
4.285	0.000398781
4.29	0.000398318
4.295	0.000397857
4.3	0.000397396
4.305	0.000396937
4.31	0.000396478
4.315	0.000396021
4.32	0.000395565
4.325	0.00039511
4.33	0.000394655
4.335	0.000394202
4.34	0.00039375
4.345	0.000393299
4.35	0.000392849
4.355	0.0003924
4.36	0.000391953
4.365	0.000391506
4.37	0.00039106
4.375	0.000390615
4.38	0.000390171
4.385	0.000389728
4.39	0.000389287
4.395	0.000388846
4.4	0.000388406
4.405	0.000387967
4.41	0.00038753
4.415	0.000387093
4.42	0.000386657
4.425	0.000386222
4.43	0.000385789
4.435	0.000385356
4.44	0.000384924
4.445	0.000384493
4.45	0.000384063
4.455	0.000383634
4.46	0.000383206
4.465	0.000382779
4.47	0.000382353
4.475	0.000381928
4.48	0.000381504
4.485	0.000381081
4.49	0.000380658
4.495	0.000380237
4.5	0.000379817
4.505	0.000379397
4.51	0.000378979
4.515	0.000378561
4.52	0.000378145
4.525	0.000377729
4.53	0.000377314
4.535	0.0003769
4.54	0.000376487
4.545	0.000376075
4.55	0.000375664
4.555	0.000375254
4.56	0.000374844
4.565	0.000374436
4.57	0.000374028
4.575	0.000373622
4.58	0.000373216
4.585	0.000372811
4.59	0.000372407
4.595	0.000372004
4.6	0.000371602
4.605	0.0003712
4.61	0.0003708
4.615	0.0003704
4.62	0.000370002
4.625	0.000369604
4.63	0.000369207
4.635	0.000368811
4.64	0.000368415
4.645	0.000368021
4.65	0.000367627
4.655	0.000367234
4.66	0.000366843
4.665	0.000366451
4.67	0.000366061
4.675	0.000365672
4.68	0.000365283
4.685	0.000364896
4.69	0.000364509
4.695	0.000364123
4.7	0.000363737
4.705	0.000363353
4.71	0.000362969
4.715	0.000362586
4.72	0.000362204
4.725	0.000361823
4.73	0.000361443
4.735	0.000361063
4.74	0.000360685
4.745	0.000360307
4.75	0.00035993
4.755	0.000359553
4.76	0.000359178
4.765	0.000358803
4.77	0.000358429
4.775	0.000358056
4.78	0.000357683
4.785	0.000357312
4.79	0.000356941
4.795	0.000356571
4.8	0.000356201
4.805	0.000355833
4.81	0.000355465
4.815	0.000355098
4.82	0.000354732
4.825	0.000354366
4.83	0.000354001
4.835	0.000353637
4.84	0.000353274
4.845	0.000352912
4.85	0.00035255
4.855	0.000352189
4.86	0.000351829
4.865	0.000351469
4.87	0.000351111
4.875	0.000350753
4.88	0.000350395
4.885	0.000350039
4.89	0.000349683
4.895	0.000349328
4.9	0.000348974
4.905	0.00034862
4.91	0.000348267
4.915	0.000347915
4.92	0.000347563
4.925	0.000347213
4.93	0.000346863
4.935	0.000346513
4.94	0.000346165
4.945	0.000345817
4.95	0.000345469
4.955	0.000345123
4.96	0.000344777
4.965	0.000344432
4.97	0.000344088
4.975	0.000343744
4.98	0.000343401
4.985	0.000343059
4.99	0.000342717
4.995	0.000342376
5	0.000342036
5.005	0.000341696
5.01	0.000341357
5.015	0.000341019
5.02	0.000340681
5.025	0.000340344
5.03	0.000340008
5.035	0.000339673
5.04	0.000339338
5.045	0.000339003
5.05	0.00033867
5.055	0.000338337
5.06	0.000338005
5.065	0.000337673
5.07	0.000337342
5.075	0.000337012
5.08	0.000336682
5.085	0.000336353
5.09	0.000336025
5.095	0.000335697
5.1	0.00033537
5.105	0.000335044
5.11	0.000334718
5.115	0.000334393
5.12	0.000334069
5.125	0.000333745
5.13	0.000333422
5.135	0.000333099
5.14	0.000332777
5.145	0.000332456
5.15	0.000332135
5.155	0.000331815
5.16	0.000331496
5.165	0.000331177
5.17	0.000330858
5.175	0.000330541
5.18	0.000330224
5.185	0.000329908
5.19	0.000329592
5.195	0.000329277
5.2	0.000328962
5.205	0.000328648
5.21	0.000328335
5.215	0.000328022
5.22	0.00032771
5.225	0.000327398
5.23	0.000327087
5.235	0.000326777
5.24	0.000326467
5.245	0.000326158
5.25	0.00032585
5.255	0.000325542
5.26	0.000325234
5.265	0.000324928
5.27	0.000324621
5.275	0.000324316
5.28	0.000324011
5.285	0.000323706
5.29	0.000323402
5.295	0.000323099
5.3	0.000322796
5.305	0.000322494
5.31	0.000322192
5.315	0.000321891
5.32	0.000321591
5.325	0.000321291
5.33	0.000320992
5.335	0.000320693
5.34	0.000320395
5.345	0.000320097
5.35	0.0003198
5.355	0.000319503
5.36	0.000319207
5.365	0.000318912
5.37	0.000318617
5.375	0.000318323
5.38	0.000318029
5.385	0.000317736
5.39	0.000317443
5.395	0.000317151
5.4	0.000316859
5.405	0.000316568
5.41	0.000316277
5.415	0.000315987
5.42	0.000315698
5.425	0.000315409
5.43	0.000315121
5.435	0.000314833
5.44	0.000314545
5.445	0.000314259
5.45	0.000313972
5.455	0.000313687
5.46	0.000313401
5.465	0.000313117
5.47	0.000312833
5.475	0.000312549
5.48	0.000312266
5.485	0.000311983
5.49	0.000311701
5.495	0.000311419
5.5	0.000311138
5.505	0.000310858
5.51	0.000310578
5.515	0.000310298
5.52	0.000310019
5.525	0.000309741
5.53	0.000309463
5.535	0.000309185
5.54	0.000308908
5.545	0.000308631
5.55	0.000308355
5.555	0.00030808
5.56	0.000307805
5.565	0.00030753
5.57	0.000307256
5.575	0.000306983
5.58	0.00030671
5.585	0.000306437
5.59	0.000306165
5.595	0.000305893
5.6	0.000305622
5.605	0.000305352
5.61	0.000305082
5.615	0.000304812
5.62	0.000304543
5.625	0.000304274
5.63	0.000304006
5.635	0.000303738
5.64	0.000303471
5.645	0.000303204
5.65	0.000302938
5.655	0.000302672
5.66	0.000302406
5.665	0.000302142
5.67	0.000301877
5.675	0.000301613
5.68	0.00030135
5.685	0.000301087
5.69	0.000300824
5.695	0.000300562
5.7	0.0003003
5.705	0.000300039
5.71	0.000299778
5.715	0.000299518
5.72	0.000299258
5.725	0.000298999
5.73	0.00029874
5.735	0.000298482
5.74	0.000298223
5.745	0.000297966
5.75	0.000297709
5.755	0.000297452
5.76	0.000297196
5.765	0.00029694
5.77	0.000296685
5.775	0.00029643
5.78	0.000296176
5.785	0.000295922
5.79	0.000295668
5.795	0.000295415
5.8	0.000295162
5.805	0.00029491
5.81	0.000294658
5.815	0.000294407
5.82	0.000294156
5.825	0.000293905
5.83	0.000293655
5.835	0.000293405
5.84	0.000293156
5.845	0.000292907
5.85	0.000292659
5.855	0.000292411
5.86	0.000292164
5.865	0.000291916
5.87	0.00029167
5.875	0.000291424
5.88	0.000291178
5.885	0.000290932
5.89	0.000290687
5.895	0.000290443
5.9	0.000290198
5.905	0.000289955
5.91	0.000289711
5.915	0.000289468
5.92	0.000289226
5.925	0.000288984
5.93	0.000288742
5.935	0.000288501
5.94	0.00028826
5.945	0.000288019
5.95	0.000287779
5.955	0.00028754
5.96	0.0002873
5.965	0.000287062
5.97	0.000286823
5.975	0.000286585
5.98	0.000286347
5.985	0.00028611
5.99	0.000285873
5.995	0.000285637
6	0.000285401
6.005	0.000285165
6.01	0.00028493
6.015	0.000284695
6.02	0.00028446
6.025	0.000284226
6.03	0.000283992
6.035	0.000283759
6.04	0.000283526
6.045	0.000283293
6.05	0.000283061
6.055	0.000282829
6.06	0.000282598
6.065	0.000282367
6.07	0.000282136
6.075	0.000281906
6.08	0.000281676
6.085	0.000281447
6.09	0.000281218
6.095	0.000280989
6.1	0.00028076
6.105	0.000280532
6.11	0.000280305
6.115	0.000280077
6.12	0.000279851
6.125	0.000279624
6.13	0.000279398
6.135	0.000279172
6.14	0.000278947
6.145	0.000278722
6.15	0.000278497
6.155	0.000278273
6.16	0.000278049
6.165	0.000277825
6.17	0.000277602
6.175	0.000277379
6.18	0.000277156
6.185	0.000276934
6.19	0.000276713
6.195	0.000276491
6.2	0.00027627
6.205	0.000276049
6.21	0.000275829
6.215	0.000275609
6.22	0.000275389
6.225	0.00027517
6.23	0.000274951
6.235	0.000274733
6.24	0.000274514
6.245	0.000274296
6.25	0.000274079
6.255	0.000273862
6.26	0.000273645
6.265	0.000273428
6.27	0.000273212
6.275	0.000272996
6.28	0.000272781
6.285	0.000272566
6.29	0.000272351
6.295	0.000272137
6.3	0.000271923
6.305	0.000271709
6.31	0.000271495
6.315	0.000271282
6.32	0.00027107
6.325	0.000270857
6.33	0.000270645
6.335	0.000270433
6.34	0.000270222
6.345	0.000270011
6.35	0.0002698
6.355	0.00026959
6.36	0.00026938
6.365	0.00026917
6.37	0.000268961
6.375	0.000268752
6.38	0.000268543
6.385	0.000268335
6.39	0.000268126
6.395	0.000267919
6.4	0.000267711
6.405	0.000267504
6.41	0.000267297
6.415	0.000267091
6.42	0.000266885
6.425	0.000266679
6.43	0.000266473
6.435	0.000266268
6.44	0.000266063
6.445	0.000265859
6.45	0.000265655
6.455	0.000265451
6.46	0.000265247
6.465	0.000265044
6.47	0.000264841
6.475	0.000264638
6.48	0.000264436
6.485	0.000264234
6.49	0.000264032
6.495	0.000263831
6.5	0.00026363
6.505	0.000263429
6.51	0.000263228
6.515	0.000263028
6.52	0.000262828
6.525	0.000262629
6.53	0.00026243
6.535	0.000262231
6.54	0.000262032
6.545	0.000261834
6.55	0.000261636
6.555	0.000261438
6.56	0.000261241
6.565	0.000261043
6.57	0.000260847
6.575	0.00026065
6.58	0.000260454
6.585	0.000260258
6.59	0.000260062
6.595	0.000259867
6.6	0.000259672
6.605	0.000259477
6.61	0.000259283
6.615	0.000259089
6.62	0.000258895
6.625	0.000258701
6.63	0.000258508
6.635	0.000258315
6.64	0.000258122
6.645	0.00025793
6.65	0.000257738
6.655	0.000257546
6.66	0.000257355
6.665	0.000257163
6.67	0.000256972
6.675	0.000256782
6.68	0.000256591
6.685	0.000256401
6.69	0.000256212
6.695	0.000256022
6.7	0.000255833
6.705	0.000255644
6.71	0.000255455
6.715	0.000255267
6.72	0.000255079
6.725	0.000254891
6.73	0.000254703
6.735	0.000254516
6.74	0.000254329
6.745	0.000254142
6.75	0.000253956
6.755	0.00025377
6.76	0.000253584
6.765	0.000253398
6.77	0.000253213
6.775	0.000253028
6.78	0.000252843
6.785	0.000252658
6.79	0.000252474
6.795	0.00025229
6.8	0.000252107
6.805	0.000251923
6.81	0.00025174
6.815	0.000251557
6.82	0.000251374
6.825	0.000251192
6.83	0.00025101
6.835	0.000250828
6.84	0.000250647
6.845	0.000250465
6.85	0.000250284
6.855	0.000250104
6.86	0.000249923
6.865	0.000249743
6.87	0.000249563
6.875	0.000249383
6.88	0.000249204
6.885	0.000249025
6.89	0.000248846
6.895	0.000248667
6.9	0.000248489
6.905	0.00024831
6.91	0.000248133
6.915	0.000247955
6.92	0.000247778
6.925	0.0002476
6.93	0.000247424
6.935	0.000247247
6.94	0.000247071
6.945	0.000246895
6.95	0.000246719
6.955	0.000246543
6.96	0.000246368
6.965	0.000246193
6.97	0.000246018
6.975	0.000245843
6.98	0.000245669
6.985	0.000245495
6.99	0.000245321
6.995	0.000245147
7	0.000244974
7.005	0.000244801
7.01	0.000244628
7.015	0.000244456
7.02	0.000244283
7.025	0.000244111
7.03	0.000243939
7.035	0.000243768
7.04	0.000243596
7.045	0.000243425
7.05	0.000243254
7.055	0.000243084
7.06	0.000242913
7.065	0.000242743
7.07	0.000242573
7.075	0.000242404
7.08	0.000242234
7.085	0.000242065
7.09	0.000241896
7.095	0.000241727
7.1	0.000241559
7.105	0.000241391
7.11	0.000241223
7.115	0.000241055
7.12	0.000240887
7.125	0.00024072
7.13	0.000240553
7.135	0.000240386
7.14	0.00024022
7.145	0.000240053
7.15	0.000239887
7.155	0.000239721
7.16	0.000239556
7.165	0.00023939
7.17	0.000239225
7.175	0.00023906
7.18	0.000238895
7.185	0.000238731
7.19	0.000238566
7.195	0.000238402
7.2	0.000238239
7.205	0.000238075
7.21	0.000237912
7.215	0.000237748
7.22	0.000237586
7.225	0.000237423
7.23	0.00023726
7.235	0.000237098
7.24	0.000236936
7.245	0.000236774
7.25	0.000236613
7.255	0.000236451
7.26	0.00023629
7.265	0.000236129
7.27	0.000235969
7.275	0.000235808
7.28	0.000235648
7.285	0.000235488
7.29	0.000235328
7.295	0.000235169
7.3	0.000235009
7.305	0.00023485
7.31	0.000234691
7.315	0.000234533
7.32	0.000234374
7.325	0.000234216
7.33	0.000234058
7.335	0.0002339
7.34	0.000233742
7.345	0.000233585
7.35	0.000233428
7.355	0.000233271
7.36	0.000233114
7.365	0.000232958
7.37	0.000232801
7.375	0.000232645
7.38	0.000232489
7.385	0.000232333
7.39	0.000232178
7.395	0.000232023
7.4	0.000231868
7.405	0.000231713
7.41	0.000231558
7.415	0.000231404
7.42	0.000231249
7.425	0.000231095
7.43	0.000230942
7.435	0.000230788
7.44	0.000230635
7.445	0.000230481
7.45	0.000230328
7.455	0.000230176
7.46	0.000230023
7.465	0.000229871
7.47	0.000229719
7.475	0.000229567
7.48	0.000229415
7.485	0.000229263
7.49	0.000229112
7.495	0.000228961
7.5	0.00022881
7.505	0.000228659
7.51	0.000228509
7.515	0.000228358
7.52	0.000228208
7.525	0.000228058
7.53	0.000227908
7.535	0.000227759
7.54	0.000227609
7.545	0.00022746
7.55	0.000227311
7.555	0.000227163
7.56	0.000227014
7.565	0.000226866
7.57	0.000226717
7.575	0.000226569
7.58	0.000226422
7.585	0.000226274
7.59	0.000226127
7.595	0.00022598
7.6	0.000225833
7.605	0.000225686
7.61	0.000225539
7.615	0.000225393
7.62	0.000225247
7.625	0.0002251
7.63	0.000224955
7.635	0.000224809
7.64	0.000224664
7.645	0.000224518
7.65	0.000224373
7.655	0.000224228
7.66	0.000224084
7.665	0.000223939
7.67	0.000223795
7.675	0.000223651
7.68	0.000223507
7.685	0.000223363
7.69	0.000223219
7.695	0.000223076
7.7	0.000222933
7.705	0.00022279
7.71	0.000222647
7.715	0.000222504
7.72	0.000222362
7.725	0.00022222
7.73	0.000222077
7.735	0.000221936
7.74	0.000221794
7.745	0.000221652
7.75	0.000221511
7.755	0.00022137
7.76	0.000221229
7.765	0.000221088
7.77	0.000220947
7.775	0.000220807
7.78	0.000220667
7.785	0.000220527
7.79	0.000220387
7.795	0.000220247
7.8	0.000220107
7.805	0.000219968
7.81	0.000219829
7.815	0.00021969
7.82	0.000219551
7.825	0.000219412
7.83	0.000219274
7.835	0.000219136
7.84	0.000218998
7.845	0.00021886
7.85	0.000218722
7.855	0.000218584
7.86	0.000218447
7.865	0.00021831
7.87	0.000218173
7.875	0.000218036
7.88	0.000217899
7.885	0.000217762
7.89	0.000217626
7.895	0.00021749
7.9	0.000217354
7.905	0.000217218
7.91	0.000217082
7.915	0.000216947
7.92	0.000216811
7.925	0.000216676
7.93	0.000216541
7.935	0.000216406
7.94	0.000216272
7.945	0.000216137
7.95	0.000216003
7.955	0.000215869
7.96	0.000215735
7.965	0.000215601
7.97	0.000215467
7.975	0.000215334
7.98	0.000215201
7.985	0.000215067
7.99	0.000214934
7.995	0.000214802
8	0.000214669
8.005	0.000214537
8.01	0.000214404
8.015	0.000214272
8.02	0.00021414
8.025	0.000214008
8.03	0.000213877
8.035	0.000213745
8.04	0.000213614
8.045	0.000213483
8.05	0.000213352
8.055	0.000213221
8.06	0.00021309
8.065	0.00021296
8.07	0.000212829
8.075	0.000212699
8.08	0.000212569
8.085	0.000212439
8.09	0.00021231
8.095	0.00021218
8.1	0.000212051
8.105	0.000211921
8.11	0.000211792
8.115	0.000211663
8.12	0.000211535
8.125	0.000211406
8.13	0.000211278
8.135	0.000211149
8.14	0.000211021
8.145	0.000210893
8.15	0.000210766
8.155	0.000210638
8.16	0.00021051
8.165	0.000210383
8.17	0.000210256
8.175	0.000210129
8.18	0.000210002
8.185	0.000209875
8.19	0.000209749
8.195	0.000209622
8.2	0.000209496
8.205	0.00020937
8.21	0.000209244
8.215	0.000209118
8.22	0.000208993
8.225	0.000208867
8.23	0.000208742
8.235	0.000208617
8.24	0.000208492
8.245	0.000208367
8.25	0.000208242
8.255	0.000208118
8.26	0.000207993
8.265	0.000207869
8.27	0.000207745
8.275	0.000207621
8.28	0.000207497
8.285	0.000207374
8.29	0.00020725
8.295	0.000207127
8.3	0.000207003
8.305	0.00020688
8.31	0.000206757
8.315	0.000206635
8.32	0.000206512
8.325	0.00020639
8.33	0.000206267
8.335	0.000206145
8.34	0.000206023
8.345	0.000205901
8.35	0.000205779
8.355	0.000205658
8.36	0.000205536
8.365	0.000205415
8.37	0.000205294
8.375	0.000205173
8.38	0.000205052
8.385	0.000204931
8.39	0.000204811
8.395	0.00020469
8.4	0.00020457
8.405	0.00020445
8.41	0.00020433
8.415	0.00020421
8.42	0.00020409
8.425	0.000203971
8.43	0.000203851
8.435	0.000203732
8.44	0.000203613
8.445	0.000203494
8.45	0.000203375
8.455	0.000203256
8.46	0.000203138
8.465	0.000203019
8.47	0.000202901
8.475	0.000202783
8.48	0.000202665
8.485	0.000202547
8.49	0.000202429
8.495	0.000202312
8.5	0.000202194
8.505	0.000202077
8.51	0.00020196
8.515	0.000201843
8.52	0.000201726
8.525	0.000201609
8.53	0.000201492
8.535	0.000201376
8.54	0.000201259
8.545	0.000201143
8.55	0.000201027
8.555	0.000200911
8.56	0.000200795
8.565	0.000200679
8.57	0.000200564
8.575	0.000200449
8.58	0.000200333
8.585	0.000200218
8.59	0.000200103
8.595	0.000199988
8.6	0.000199873
8.605	0.000199759
8.61	0.000199644
8.615	0.00019953
8.62	0.000199416
8.625	0.000199302
8.63	0.000199188
8.635	0.000199074
8.64	0.00019896
8.645	0.000198847
8.65	0.000198733
8.655	0.00019862
8.66	0.000198507
8.665	0.000198394
8.67	0.000198281
8.675	0.000198168
8.68	0.000198055
8.685	0.000197943
8.69	0.000197831
8.695	0.000197718
8.7	0.000197606
8.705	0.000197494
8.71	0.000197382
8.715	0.000197271
8.72	0.000197159
8.725	0.000197047
8.73	0.000196936
8.735	0.000196825
8.74	0.000196714
8.745	0.000196603
8.75	0.000196492
8.755	0.000196381
8.76	0.000196271
8.765	0.00019616
8.77	0.00019605
8.775	0.00019594
8.78	0.00019583
8.785	0.00019572
8.79	0.00019561
8.795	0.0001955
8.8	0.000195391
8.805	0.000195281
8.81	0.000195172
8.815	0.000195063
8.82	0.000194953
8.825	0.000194844
8.83	0.000194736
8.835	0.000194627
8.84	0.000194518
8.845	0.00019441
8.85	0.000194301
8.855	0.000194193
8.86	0.000194085
8.865	0.000193977
8.87	0.000193869
8.875	0.000193762
8.88	0.000193654
8.885	0.000193546
8.89	0.000193439
8.895	0.000193332
8.9	0.000193225
8.905	0.000193118
8.91	0.000193011
8.915	0.000192904
8.92	0.000192797
8.925	0.000192691
8.93	0.000192584
8.935	0.000192478
8.94	0.000192372
8.945	0.000192266
8.95	0.00019216
8.955	0.000192054
8.96	0.000191948
8.965	0.000191843
8.97	0.000191737
8.975	0.000191632
8.98	0.000191527
8.985	0.000191422
8.99	0.000191317
8.995	0.000191212
9	0.000191107
9.005	0.000191002
9.01	0.000190898
9.015	0.000190794
9.02	0.000190689
9.025	0.000190585
9.03	0.000190481
9.035	0.000190377
9.04	0.000190273
9.045	0.000190169
9.05	0.000190066
9.055	0.000189962
9.06	0.000189859
9.065	0.000189756
9.07	0.000189653
9.075	0.00018955
9.08	0.000189447
9.085	0.000189344
9.09	0.000189241
9.095	0.000189139
9.1	0.000189036
9.105	0.000188934
9.11	0.000188832
9.115	0.000188729
9.12	0.000188627
9.125	0.000188525
9.13	0.000188424
9.135	0.000188322
9.14	0.00018822
9.145	0.000188119
9.15	0.000188018
9.155	0.000187916
9.16	0.000187815
9.165	0.000187714
9.17	0.000187613
9.175	0.000187513
9.18	0.000187412
9.185	0.000187311
9.19	0.000187211
9.195	0.00018711
9.2	0.00018701
9.205	0.00018691
9.21	0.00018681
9.215	0.00018671
9.22	0.00018661
9.225	0.000186511
9.23	0.000186411
9.235	0.000186311
9.24	0.000186212
9.245	0.000186113
9.25	0.000186014
9.255	0.000185915
9.26	0.000185816
9.265	0.000185717
9.27	0.000185618
9.275	0.000185519
9.28	0.000185421
9.285	0.000185322
9.29	0.000185224
9.295	0.000185126
9.3	0.000185028
9.305	0.00018493
9.31	0.000184832
9.315	0.000184734
9.32	0.000184637
9.325	0.000184539
9.33	0.000184441
9.335	0.000184344
9.34	0.000184247
9.345	0.00018415
9.35	0.000184053
9.355	0.000183956
9.36	0.000183859
9.365	0.000183762
9.37	0.000183665
9.375	0.000183569
9.38	0.000183472
9.385	0.000183376
9.39	0.00018328
9.395	0.000183184
9.4	0.000183088
9.405	0.000182992
9.41	0.000182896
9.415	0.0001828
9.42	0.000182705
9.425	0.000182609
9.43	0.000182514
9.435	0.000182418
9.44	0.000182323
9.445	0.000182228
9.45	0.000182133
9.455	0.000182038
9.46	0.000181943
9.465	0.000181849
9.47	0.000181754
9.475	0.00018166
9.48	0.000181565
9.485	0.000181471
9.49	0.000181377
9.495	0.000181283
9.5	0.000181189
9.505	0.000181095
9.51	0.000181001
9.515	0.000180907
9.52	0.000180814
9.525	0.00018072
9.53	0.000180627
9.535	0.000180533
9.54	0.00018044
9.545	0.000180347
9.55	0.000180254
9.555	0.000180161
9.56	0.000180068
9.565	0.000179975
9.57	0.000179883
9.575	0.00017979
9.58	0.000179698
9.585	0.000179605
9.59	0.000179513
9.595	0.000179421
9.6	0.000179329
9.605	0.000179237
9.61	0.000179145
9.615	0.000179053
9.62	0.000178962
9.625	0.00017887
9.63	0.000178779
9.635	0.000178687
9.64	0.000178596
9.645	0.000178505
9.65	0.000178414
9.655	0.000178323
9.66	0.000178232
9.665	0.000178141
9.67	0.00017805
9.675	0.00017796
9.68	0.000177869
9.685	0.000177779
9.69	0.000177688
9.695	0.000177598
9.7	0.000177508
9.705	0.000177418
9.71	0.000177328
9.715	0.000177238
9.72	0.000177148
9.725	0.000177058
9.73	0.000176969
9.735	0.000176879
9.74	0.00017679
9.745	0.000176701
9.75	0.000176611
9.755	0.000176522
9.76	0.000176433
9.765	0.000176344
9.77	0.000176255
9.775	0.000176166
9.78	0.000176078
9.785	0.000175989
9.79	0.000175901
9.795	0.000175812
9.8	0.000175724
9.805	0.000175636
9.81	0.000175547
9.815	0.000175459
9.82	0.000175371
9.825	0.000175284
9.83	0.000175196
9.835	0.000175108
9.84	0.00017502
9.845	0.000174933
9.85	0.000174845
9.855	0.000174758
9.86	0.000174671
9.865	0.000174584
9.87	0.000174497
9.875	0.00017441
9.88	0.000174323
9.885	0.000174236
9.89	0.000174149
9.895	0.000174063
9.9	0.000173976
9.905	0.00017389
9.91	0.000173803
9.915	0.000173717
9.92	0.000173631
9.925	0.000173545
9.93	0.000173458
9.935	0.000173373
9.94	0.000173287
9.945	0.000173201
9.95	0.000173115
9.955	0.00017303
9.96	0.000172944
9.965	0.000172859
9.97	0.000172773
9.975	0.000172688
9.98	0.000172603
9.985	0.000172518
9.99	0.000172433
9.995	0.000172348
10	0.000172263
