0.005	8.36011e-15
0.01	6.52794e-13
0.015	5.26673e-12
0.02	3.02027e-12
0.025	2.11425e-12
0.03	1.62639e-12
0.035	1.32143e-12
0.04	1.11279e-12
0.045	9.61049e-13
0.05	8.45729e-13
0.055	7.55121e-13
0.06	6.82093e-13
0.065	6.21885e-13
0.07	5.71443e-13
0.075	5.28624e-13
0.08	4.91725e-13
0.085	4.59669e-13
0.09	4.31514e-13
0.095	4.06646e-13
0.1	3.84453e-13
0.105	3.64583e-13
0.11	3.46673e-13
0.115	3.30387e-13
0.12	3.156e-13
0.125	3.02098e-13
0.13	2.89679e-13
0.135	2.78206e-13
0.14	2.67707e-13
0.145	2.57883e-13
0.15	2.488e-13
0.155	2.40323e-13
0.16	2.32383e-13
0.165	2.24975e-13
0.17	2.1801e-13
0.175	2.1151e-13
0.18	2.05314e-13
0.185	1.995e-13
0.19	1.94047e-13
0.195	1.88835e-13
0.2	1.83911e-13
0.205	1.79242e-13
0.21	1.74788e-13
0.215	1.7055e-13
0.22	1.66543e-13
0.225	1.62693e-13
0.23	1.59031e-13
0.235	1.55522e-13
0.24	1.52158e-13
0.245	1.48964e-13
0.25	1.4587e-13
0.255	1.42912e-13
0.26	1.401e-13
0.265	1.37353e-13
0.27	1.34721e-13
0.275	1.32199e-13
0.28	1.29773e-13
0.285	1.27428e-13
0.29	1.25149e-13
0.295	1.22989e-13
0.3	1.20879e-13
0.305	1.18836e-13
0.31	1.1688e-13
0.315	1.14977e-13
0.32	1.13114e-13
0.325	1.11367e-13
0.33	1.09616e-13
0.335	1.07943e-13
0.34	1.0632e-13
0.345	1.0474e-13
0.35	1.03215e-13
0.355	1.01756e-13
0.36	1.00291e-13
0.365	9.88728e-14
0.37	9.75051e-14
0.375	9.6177e-14
0.38	9.49109e-14
0.385	9.36318e-14
0.39	9.23972e-14
0.395	9.12106e-14
0.4	9.00487e-14
0.405	8.89155e-14
0.41	8.78171e-14
0.415	8.67275e-14
0.42	8.56745e-14
0.425	8.46618e-14
0.43	8.36487e-14
0.435	8.26619e-14
0.44	8.16896e-14
0.445	8.07793e-14
0.45	7.9862e-14
0.455	7.89854e-14
0.46	7.80967e-14
0.465	7.72213e-14
0.47	7.63876e-14
0.475	7.55865e-14
0.48	7.47919e-14
0.485	7.40165e-14
0.49	7.32344e-14
0.495	7.24814e-14
0.5	7.17436e-14
0.505	7.10135e-14
0.51	7.02938e-14
0.515	6.96254e-14
0.52	6.89598e-14
0.525	6.82897e-14
0.53	6.76246e-14
0.535	6.69781e-14
0.54	6.63399e-14
0.545	6.57432e-14
0.55	6.51282e-14
0.555	6.45501e-14
0.56	6.3942e-14
0.565	6.33783e-14
0.57	6.27984e-14
0.575	6.225e-14
0.58	6.17134e-14
0.585	6.11846e-14
0.59	6.06631e-14
0.595	6.01449e-14
0.6	5.96337e-14
0.605	5.91224e-14
0.61	5.86568e-14
0.615	5.81539e-14
0.62	5.76842e-14
0.625	5.72082e-14
0.63	5.67547e-14
0.635	5.62964e-14
0.64	5.58724e-14
0.645	5.54191e-14
0.65	5.4997e-14
0.655	5.45795e-14
0.66	5.41667e-14
0.665	5.37931e-14
0.67	5.33383e-14
0.675	5.29644e-14
0.68	5.25602e-14
0.685	5.21751e-14
0.69	5.18036e-14
0.695	5.14344e-14
0.7	5.10585e-14
0.705	5.06586e-14
0.71	5.03223e-14
0.715	4.99761e-14
0.72	4.96595e-14
0.725	4.92812e-14
0.73	4.89176e-14
0.735	4.85968e-14
0.74	4.8249e-14
0.745	4.79422e-14
0.75	4.76092e-14
0.755	4.73122e-14
0.76	4.69904e-14
0.765	4.66731e-14
0.77	4.63864e-14
0.775	4.60513e-14
0.78	4.57612e-14
0.785	4.54813e-14
0.79	4.52009e-14
0.795	4.4903e-14
0.8	4.46045e-14
0.805	4.43214e-14
0.81	4.40308e-14
0.815	4.38057e-14
0.82	4.35019e-14
0.825	4.32536e-14
0.83	4.29724e-14
0.835	4.27006e-14
0.84	4.24655e-14
0.845	4.22139e-14
0.85	4.19851e-14
0.855	4.17312e-14
0.86	4.1488e-14
0.865	4.12247e-14
0.87	4.09879e-14
0.875	4.07659e-14
0.88	4.0502e-14
0.885	4.03136e-14
0.89	4.00486e-14
0.895	3.9836e-14
0.9	3.96105e-14
0.905	3.93799e-14
0.91	3.91944e-14
0.915	3.89515e-14
0.92	3.87429e-14
0.925	3.8536e-14
0.93	3.83262e-14
0.935	3.81264e-14
0.94	3.79177e-14
0.945	3.77127e-14
0.95	3.74993e-14
0.955	3.73115e-14
0.96	3.71081e-14
0.965	3.69172e-14
0.97	3.67447e-14
0.975	3.65294e-14
0.98	3.63566e-14
0.985	3.61684e-14
0.99	3.59817e-14
0.995	3.57885e-14
1	3.562e-14
1.005	3.54438e-14
1.01	3.52565e-14
1.015	3.51052e-14
1.02	3.49046e-14
1.025	3.47561e-14
1.03	3.4574e-14
1.035	3.4409e-14
1.04	3.4257e-14
1.045	3.40864e-14
1.05	3.39277e-14
1.055	3.37522e-14
1.06	3.35837e-14
1.065	3.34277e-14
1.07	3.32777e-14
1.075	3.31276e-14
1.08	3.29522e-14
1.085	3.28214e-14
1.09	3.26735e-14
1.095	3.2516e-14
1.1	3.23765e-14
1.105	3.22131e-14
1.11	3.20737e-14
1.115	3.19143e-14
1.12	3.17959e-14
1.125	3.16306e-14
1.13	3.15043e-14
1.135	3.13566e-14
1.14	3.12154e-14
1.145	3.10884e-14
1.15	3.09418e-14
1.155	3.08179e-14
1.16	3.06669e-14
1.165	3.05658e-14
1.17	3.04254e-14
1.175	3.02859e-14
1.18	3.01694e-14
1.185	3.00204e-14
1.19	2.99158e-14
1.195	2.97905e-14
1.2	2.96693e-14
1.205	2.95485e-14
1.21	2.9397e-14
1.215	2.92847e-14
1.22	2.91572e-14
1.225	2.90495e-14
1.23	2.89206e-14
1.235	2.88177e-14
1.24	2.87005e-14
1.245	2.85871e-14
1.25	2.84828e-14
1.255	2.83426e-14
1.26	2.82456e-14
1.265	2.81181e-14
1.27	2.80158e-14
1.275	2.7907e-14
1.28	2.77963e-14
1.285	2.76921e-14
1.29	2.76116e-14
1.295	2.749e-14
1.3	2.73667e-14
1.305	2.73047e-14
1.31	2.71768e-14
1.315	2.70591e-14
1.32	2.69879e-14
1.325	2.68805e-14
1.33	2.6766e-14
1.335	2.66605e-14
1.34	2.65748e-14
1.345	2.64959e-14
1.35	2.6365e-14
1.355	2.62815e-14
1.36	2.61833e-14
1.365	2.60852e-14
1.37	2.59768e-14
1.375	2.58933e-14
1.38	2.57859e-14
1.385	2.56974e-14
1.39	2.56028e-14
1.395	2.55119e-14
1.4	2.54354e-14
1.405	2.53136e-14
1.41	2.52446e-14
1.415	2.51553e-14
1.42	2.50506e-14
1.425	2.49755e-14
1.43	2.49018e-14
1.435	2.47854e-14
1.44	2.47042e-14
1.445	2.46229e-14
1.45	2.45315e-14
1.455	2.44527e-14
1.46	2.43809e-14
1.465	2.43013e-14
1.47	2.41986e-14
1.475	2.4112e-14
1.48	2.40498e-14
1.485	2.39781e-14
1.49	2.3873e-14
1.495	2.3809e-14
1.5	2.37235e-14
1.505	2.36316e-14
1.51	2.35484e-14
1.515	2.34851e-14
1.52	2.34193e-14
1.525	2.3313e-14
1.53	2.32614e-14
1.535	2.31778e-14
1.54	2.30982e-14
1.545	2.30158e-14
1.55	2.29672e-14
1.555	2.2872e-14
1.56	2.27955e-14
1.565	2.27646e-14
1.57	2.26757e-14
1.575	2.25925e-14
1.58	2.25041e-14
1.585	2.24467e-14
1.59	2.23717e-14
1.595	2.23024e-14
1.6	2.22477e-14
1.605	2.21647e-14
1.61	2.20933e-14
1.615	2.20268e-14
1.62	2.1975e-14
1.625	2.19046e-14
1.63	2.18148e-14
1.635	2.17603e-14
1.64	2.16938e-14
1.645	2.16378e-14
1.65	2.15542e-14
1.655	2.149e-14
1.66	2.14223e-14
1.665	2.13535e-14
1.67	2.12991e-14
1.675	2.1244e-14
1.68	2.11813e-14
1.685	2.10988e-14
1.69	2.10664e-14
1.695	2.09901e-14
1.7	2.0909e-14
1.705	2.08683e-14
1.71	2.08107e-14
1.715	2.07406e-14
1.72	2.06666e-14
1.725	2.06112e-14
1.73	2.05707e-14
1.735	2.0501e-14
1.74	2.04448e-14
1.745	2.0391e-14
1.75	2.0331e-14
1.755	2.0265e-14
1.76	2.02194e-14
1.765	2.01688e-14
1.77	2.00926e-14
1.775	2.00333e-14
1.78	1.99944e-14
1.785	1.99302e-14
1.79	1.98461e-14
1.795	1.98195e-14
1.8	1.97592e-14
1.805	1.97024e-14
1.81	1.96465e-14
1.815	1.96007e-14
1.82	1.95437e-14
1.825	1.94799e-14
1.83	1.94412e-14
1.835	1.93825e-14
1.84	1.93175e-14
1.845	1.92664e-14
1.85	1.92439e-14
1.855	1.91833e-14
1.86	1.91032e-14
1.865	1.9069e-14
1.87	1.90152e-14
1.875	1.89718e-14
1.88	1.89151e-14
1.885	1.88659e-14
1.89	1.88187e-14
1.895	1.87573e-14
1.9	1.8738e-14
1.905	1.86839e-14
1.91	1.86104e-14
1.915	1.85773e-14
1.92	1.85321e-14
1.925	1.84709e-14
1.93	1.84122e-14
1.935	1.83814e-14
1.94	1.83365e-14
1.945	1.82709e-14
1.95	1.82312e-14
1.955	1.82012e-14
1.96	1.81482e-14
1.965	1.81003e-14
1.97	1.80526e-14
1.975	1.79951e-14
1.98	1.79586e-14
1.985	1.79195e-14
1.99	1.78782e-14
1.995	1.78302e-14
2	1.77757e-14
2.005	1.77402e-14
2.01	1.77045e-14
2.015	1.76476e-14
2.02	1.75985e-14
2.025	1.75628e-14
2.03	1.75089e-14
2.035	1.74672e-14
2.04	1.74412e-14
2.045	1.73916e-14
2.05	1.73438e-14
2.055	1.73016e-14
2.06	1.72844e-14
2.065	1.72359e-14
2.07	1.71822e-14
2.075	1.71452e-14
2.08	1.71181e-14
2.085	1.70595e-14
2.09	1.70351e-14
2.095	1.69797e-14
2.1	1.69598e-14
2.105	1.69081e-14
2.11	1.68627e-14
2.115	1.68183e-14
2.12	1.67678e-14
2.125	1.6732e-14
2.13	1.67045e-14
2.135	1.66605e-14
2.14	1.6619e-14
2.145	1.65836e-14
2.15	1.6561e-14
2.155	1.65059e-14
2.16	1.6474e-14
2.165	1.64263e-14
2.17	1.63846e-14
2.175	1.63572e-14
2.18	1.63229e-14
2.185	1.62916e-14
2.19	1.62317e-14
2.195	1.62098e-14
2.2	1.61644e-14
2.205	1.61196e-14
2.21	1.60829e-14
2.215	1.60506e-14
2.22	1.60179e-14
2.225	1.598e-14
2.23	1.59475e-14
2.235	1.59191e-14
2.24	1.58811e-14
2.245	1.58287e-14
2.25	1.58102e-14
2.255	1.57822e-14
2.26	1.5728e-14
2.265	1.56978e-14
2.27	1.56934e-14
2.275	1.56575e-14
2.28	1.56032e-14
2.285	1.55714e-14
2.29	1.55329e-14
2.295	1.54956e-14
2.3	1.5456e-14
2.305	1.54234e-14
2.31	1.53843e-14
2.315	1.53756e-14
2.32	1.53458e-14
2.325	1.53071e-14
2.33	1.52696e-14
2.335	1.52358e-14
2.34	1.51975e-14
2.345	1.51713e-14
2.35	1.51215e-14
2.355	1.51001e-14
2.36	1.50639e-14
2.365	1.50375e-14
2.37	1.50035e-14
2.375	1.49809e-14
2.38	1.49525e-14
2.385	1.49039e-14
2.39	1.48896e-14
2.395	1.48627e-14
2.4	1.48107e-14
2.405	1.48051e-14
2.41	1.47735e-14
2.415	1.47312e-14
2.42	1.46968e-14
2.425	1.46591e-14
2.43	1.46489e-14
2.435	1.46061e-14
2.44	1.45726e-14
2.445	1.45718e-14
2.45	1.45273e-14
2.455	1.4472e-14
2.46	1.44641e-14
2.465	1.44403e-14
2.47	1.44003e-14
2.475	1.43849e-14
2.48	1.43636e-14
2.485	1.43154e-14
2.49	1.42765e-14
2.495	1.42629e-14
2.5	1.42396e-14
2.505	1.41957e-14
2.51	1.41632e-14
2.515	1.41565e-14
2.52	1.41144e-14
2.525	1.4077e-14
2.53	1.40735e-14
2.535	1.40442e-14
2.54	1.40056e-14
2.545	1.39761e-14
2.55	1.39692e-14
2.555	1.39404e-14
2.56	1.38921e-14
2.565	1.3878e-14
2.57	1.38708e-14
2.575	1.38458e-14
2.58	1.38102e-14
2.585	1.37895e-14
2.59	1.3794e-14
2.595	1.37293e-14
2.6	1.37421e-14
2.605	1.3688e-14
2.61	1.36638e-14
2.615	1.36451e-14
2.62	1.36089e-14
2.625	1.35757e-14
2.63	1.35302e-14
2.635	1.35095e-14
2.64	1.35109e-14
2.645	1.34821e-14
2.65	1.34588e-14
2.655	1.34253e-14
2.66	1.34088e-14
2.665	1.33621e-14
2.67	1.33314e-14
2.675	1.33235e-14
2.68	1.3296e-14
2.685	1.32743e-14
2.69	1.32572e-14
2.695	1.32424e-14
2.7	1.31796e-14
2.705	1.31794e-14
2.71	1.31503e-14
2.715	1.31316e-14
2.72	1.30944e-14
2.725	1.30915e-14
2.73	1.30689e-14
2.735	1.30315e-14
2.74	1.30102e-14
2.745	1.29972e-14
2.75	1.29561e-14
2.755	1.29402e-14
2.76	1.29209e-14
2.765	1.28816e-14
2.77	1.28554e-14
2.775	1.28377e-14
2.78	1.28236e-14
2.785	1.28088e-14
2.79	1.27845e-14
2.795	1.27572e-14
2.8	1.27222e-14
2.805	1.2697e-14
2.81	1.267e-14
2.815	1.2665e-14
2.82	1.26528e-14
2.825	1.2648e-14
2.83	1.26101e-14
2.835	1.25965e-14
2.84	1.25348e-14
2.845	1.25655e-14
2.85	1.25014e-14
2.855	1.24858e-14
2.86	1.24702e-14
2.865	1.24428e-14
2.87	1.243e-14
2.875	1.2387e-14
2.88	1.23778e-14
2.885	1.23632e-14
2.89	1.23457e-14
2.895	1.231e-14
2.9	1.23007e-14
2.905	1.22684e-14
2.91	1.2248e-14
2.915	1.22348e-14
2.92	1.22135e-14
2.925	1.22136e-14
2.93	1.21812e-14
2.935	1.21647e-14
2.94	1.21349e-14
2.945	1.20932e-14
2.95	1.20799e-14
2.955	1.20731e-14
2.96	1.2059e-14
2.965	1.20316e-14
2.97	1.20011e-14
2.975	1.1979e-14
2.98	1.19536e-14
2.985	1.1936e-14
2.99	1.19387e-14
2.995	1.1917e-14
3	1.1901e-14
3.005	1.18553e-14
3.01	1.18558e-14
3.015	1.18027e-14
3.02	1.17843e-14
3.025	1.183e-14
3.03	1.17787e-14
3.035	1.17538e-14
3.04	1.17252e-14
3.045	1.17217e-14
3.05	1.1677e-14
3.055	1.16631e-14
3.06	1.16445e-14
3.065	1.164e-14
3.07	1.16036e-14
3.075	1.16056e-14
3.08	1.15635e-14
3.085	1.15678e-14
3.09	1.1543e-14
3.095	1.15173e-14
3.1	1.15134e-14
3.105	1.14786e-14
3.11	1.14687e-14
3.115	1.14417e-14
3.12	1.14224e-14
3.125	1.14022e-14
3.13	1.13942e-14
3.135	1.13859e-14
3.14	1.13526e-14
3.145	1.13362e-14
3.15	1.13123e-14
3.155	1.12912e-14
3.16	1.12706e-14
3.165	1.12743e-14
3.17	1.12723e-14
3.175	1.12365e-14
3.18	1.12202e-14
3.185	1.11934e-14
3.19	1.11515e-14
3.195	1.11559e-14
3.2	1.11382e-14
3.205	1.1141e-14
3.21	1.11019e-14
3.215	1.10912e-14
3.22	1.10807e-14
3.225	1.10628e-14
3.23	1.10382e-14
3.235	1.10443e-14
3.24	1.10183e-14
3.245	1.10275e-14
3.25	1.09764e-14
3.255	1.09559e-14
3.26	1.09261e-14
3.265	1.09121e-14
3.27	1.09285e-14
3.275	1.08864e-14
3.28	1.08733e-14
3.285	1.08577e-14
3.29	1.08356e-14
3.295	1.08146e-14
3.3	1.07921e-14
3.305	1.07936e-14
3.31	1.07834e-14
3.315	1.07628e-14
3.32	1.07346e-14
3.325	1.07445e-14
3.33	1.06996e-14
3.335	1.06837e-14
3.34	1.06759e-14
3.345	1.06759e-14
3.35	1.06397e-14
3.355	1.06209e-14
3.36	1.06081e-14
3.365	1.0591e-14
3.37	1.05723e-14
3.375	1.05831e-14
3.38	1.05457e-14
3.385	1.05317e-14
3.39	1.05256e-14
3.395	1.0507e-14
3.4	1.0522e-14
3.405	1.04665e-14
3.41	1.04849e-14
3.415	1.04414e-14
3.42	1.04448e-14
3.425	1.0427e-14
3.43	1.03979e-14
3.435	1.03868e-14
3.44	1.0343e-14
3.445	1.03497e-14
3.45	1.03492e-14
3.455	1.033e-14
3.46	1.03285e-14
3.465	1.03029e-14
3.47	1.02843e-14
3.475	1.02513e-14
3.48	1.02536e-14
3.485	1.02451e-14
3.49	1.02372e-14
3.495	1.02153e-14
3.5	1.01969e-14
3.505	1.0198e-14
3.51	1.01514e-14
3.515	1.01759e-14
3.52	1.01415e-14
3.525	1.01248e-14
3.53	1.00983e-14
3.535	1.00917e-14
3.54	1.00704e-14
3.545	1.00554e-14
3.55	1.0048e-14
3.555	1.00452e-14
3.56	1.00263e-14
3.565	1.0016e-14
3.57	1.0006e-14
3.575	9.98565e-15
3.58	9.95433e-15
3.585	9.9432e-15
3.59	9.93207e-15
3.595	9.93489e-15
3.6	9.91273e-15
3.605	9.91258e-15
3.61	9.89562e-15
3.615	9.86367e-15
3.62	9.86241e-15
3.625	9.84135e-15
3.63	9.83397e-15
3.635	9.8393e-15
3.64	9.79788e-15
3.645	9.80349e-15
3.65	9.77148e-15
3.655	9.76262e-15
3.66	9.7483e-15
3.665	9.73063e-15
3.67	9.73497e-15
3.675	9.72743e-15
3.68	9.6861e-15
3.685	9.67115e-15
3.69	9.65178e-15
3.695	9.65298e-15
3.7	9.65174e-15
3.705	9.62733e-15
3.71	9.62322e-15
3.715	9.59016e-15
3.72	9.59947e-15
3.725	9.59074e-15
3.73	9.55608e-15
3.735	9.55117e-15
3.74	9.53606e-15
3.745	9.53275e-15
3.75	9.50706e-15
3.755	9.50032e-15
3.76	9.48679e-15
3.765	9.47873e-15
3.77	9.46953e-15
3.775	9.45849e-15
3.78	9.43658e-15
3.785	9.42611e-15
3.79	9.40723e-15
3.795	9.38936e-15
3.8	9.40752e-15
3.805	9.38071e-15
3.81	9.37768e-15
3.815	9.36989e-15
3.82	9.34086e-15
3.825	9.30944e-15
3.83	9.30684e-15
3.835	9.30005e-15
3.84	9.29836e-15
3.845	9.29621e-15
3.85	9.26471e-15
3.855	9.26941e-15
3.86	9.24868e-15
3.865	9.24204e-15
3.87	9.21692e-15
3.875	9.20943e-15
3.88	9.20629e-15
3.885	9.19337e-15
3.89	9.17428e-15
3.895	9.15449e-15
3.9	9.1455e-15
3.905	9.14184e-15
3.91	9.14064e-15
3.915	9.14135e-15
3.92	9.12145e-15
3.925	9.10058e-15
3.93	9.06639e-15
3.935	9.05842e-15
3.94	9.0504e-15
3.945	9.04118e-15
3.95	9.05034e-15
3.955	9.03899e-15
3.96	9.01468e-15
3.965	8.99053e-15
3.97	8.97857e-15
3.975	8.9712e-15
3.98	8.97725e-15
3.985	8.9646e-15
3.99	8.94892e-15
3.995	8.93091e-15
4	8.91386e-15
4.005	8.90564e-15
4.01	8.89433e-15
4.015	8.89061e-15
4.02	8.87447e-15
4.025	8.87963e-15
4.03	8.85502e-15
4.035	8.84652e-15
4.04	8.82251e-15
4.045	8.82273e-15
4.05	8.81863e-15
4.055	8.80486e-15
4.06	8.79121e-15
4.065	8.76846e-15
4.07	8.75894e-15
4.075	8.78136e-15
4.08	8.76447e-15
4.085	8.7404e-15
4.09	8.72701e-15
4.095	8.71717e-15
4.1	8.72964e-15
4.105	8.69505e-15
4.11	8.67889e-15
4.115	8.673e-15
4.12	8.67955e-15
4.125	8.64551e-15
4.13	8.64104e-15
4.135	8.63543e-15
4.14	8.63743e-15
4.145	8.60826e-15
4.15	8.58887e-15
4.155	8.59969e-15
4.16	8.59362e-15
4.165	8.57257e-15
4.17	8.57066e-15
4.175	8.55818e-15
4.18	8.53544e-15
4.185	8.52225e-15
4.19	8.51801e-15
4.195	8.51837e-15
4.2	8.50753e-15
4.205	8.49353e-15
4.21	8.48499e-15
4.215	8.46045e-15
4.22	8.45606e-15
4.225	8.45266e-15
4.23	8.44929e-15
4.235	8.43311e-15
4.24	8.4197e-15
4.245	8.41529e-15
4.25	8.38482e-15
4.255	8.38139e-15
4.26	8.3863e-15
4.265	8.37238e-15
4.27	8.37298e-15
4.275	8.36185e-15
4.28	8.33327e-15
4.285	8.31949e-15
4.29	8.3148e-15
4.295	8.31237e-15
4.3	8.30561e-15
4.305	8.29113e-15
4.31	8.27666e-15
4.315	8.27586e-15
4.32	8.25456e-15
4.325	8.25188e-15
4.33	8.24064e-15
4.335	8.242e-15
4.34	8.22838e-15
4.345	8.21035e-15
4.35	8.21896e-15
4.355	8.19243e-15
4.36	8.18208e-15
4.365	8.17702e-15
4.37	8.17497e-15
4.375	8.15637e-15
4.38	8.15297e-15
4.385	8.13981e-15
4.39	8.12889e-15
4.395	8.10907e-15
4.4	8.11108e-15
4.405	8.11538e-15
4.41	8.09859e-15
4.415	8.09893e-15
4.42	8.08976e-15
4.425	8.05183e-15
4.43	8.05055e-15
4.435	8.04172e-15
4.44	8.04602e-15
4.445	8.03785e-15
4.45	8.02942e-15
4.455	8.02174e-15
4.46	8.01568e-15
4.465	8.00081e-15
4.47	7.98219e-15
4.475	7.99388e-15
4.48	7.9768e-15
4.485	7.97732e-15
4.49	7.95485e-15
4.495	7.95923e-15
4.5	7.92341e-15
4.505	7.93149e-15
4.51	7.93916e-15
4.515	7.91242e-15
4.52	7.90369e-15
4.525	7.8998e-15
4.53	7.8739e-15
4.535	7.8761e-15
4.54	7.8635e-15
4.545	7.85319e-15
4.55	7.85598e-15
4.555	7.84754e-15
4.56	7.83074e-15
4.565	7.825e-15
4.57	7.8212e-15
4.575	7.80134e-15
4.58	7.80714e-15
4.585	7.78876e-15
4.59	7.78883e-15
4.595	7.78566e-15
4.6	7.75777e-15
4.605	7.74788e-15
4.61	7.74411e-15
4.615	7.74285e-15
4.62	7.72481e-15
4.625	7.73035e-15
4.63	7.71644e-15
4.635	7.70063e-15
4.64	7.686e-15
4.645	7.68915e-15
4.65	7.67471e-15
4.655	7.67035e-15
4.66	7.67338e-15
4.665	7.66492e-15
4.67	7.64425e-15
4.675	7.62824e-15
4.68	7.62657e-15
4.685	7.63269e-15
4.69	7.61704e-15
4.695	7.60866e-15
4.7	7.61166e-15
4.705	7.60215e-15
4.71	7.56995e-15
4.715	7.56818e-15
4.72	7.5688e-15
4.725	7.56971e-15
4.73	7.55426e-15
4.735	7.55829e-15
4.74	7.53875e-15
4.745	7.5205e-15
4.75	7.50788e-15
4.755	7.49953e-15
4.76	7.51062e-15
4.765	7.51378e-15
4.77	7.48897e-15
4.775	7.48689e-15
4.78	7.47142e-15
4.785	7.45606e-15
4.79	7.47215e-15
4.795	7.46304e-15
4.8	7.44675e-15
4.805	7.43664e-15
4.81	7.43193e-15
4.815	7.40948e-15
4.82	7.42966e-15
4.825	7.42585e-15
4.83	7.396e-15
4.835	7.39184e-15
4.84	7.39237e-15
4.845	7.39177e-15
4.85	7.36715e-15
4.855	7.35333e-15
4.86	7.35067e-15
4.865	7.34274e-15
4.87	7.33668e-15
4.875	7.32865e-15
4.88	7.32893e-15
4.885	7.31699e-15
4.89	7.30493e-15
4.895	7.29598e-15
4.9	7.28671e-15
4.905	7.28227e-15
4.91	7.2736e-15
4.915	7.27767e-15
4.92	7.2642e-15
4.925	7.2496e-15
4.93	7.25341e-15
4.935	7.2422e-15
4.94	7.24361e-15
4.945	7.23524e-15
4.95	7.22686e-15
4.955	7.21308e-15
4.96	7.20152e-15
4.965	7.19406e-15
4.97	7.18708e-15
4.975	7.18895e-15
4.98	7.18091e-15
4.985	7.16602e-15
4.99	7.17494e-15
4.995	7.15069e-15
5	7.13841e-15
5.005	7.13933e-15
5.01	7.13856e-15
5.015	7.12918e-15
5.02	7.1193e-15
5.025	7.12092e-15
5.03	7.10817e-15
5.035	7.09373e-15
5.04	7.09252e-15
5.045	7.09426e-15
5.05	7.08e-15
5.055	7.08356e-15
5.06	7.07731e-15
5.065	7.05398e-15
5.07	7.0481e-15
5.075	7.04894e-15
5.08	7.04579e-15
5.085	7.04477e-15
5.09	7.02611e-15
5.095	7.02013e-15
5.1	7.01179e-15
5.105	6.99453e-15
5.11	7.00422e-15
5.115	7.00143e-15
5.12	6.99319e-15
5.125	6.97944e-15
5.13	6.98119e-15
5.135	6.97698e-15
5.14	6.95672e-15
5.145	6.96434e-15
5.15	6.9442e-15
5.155	6.95658e-15
5.16	6.9503e-15
5.165	6.95623e-15
5.17	6.93213e-15
5.175	6.9126e-15
5.18	6.9144e-15
5.185	6.89657e-15
5.19	6.92405e-15
5.195	6.9165e-15
5.2	6.89402e-15
5.205	6.91319e-15
5.21	6.93797e-15
5.215	6.92527e-15
5.22	6.89596e-15
5.225	6.87111e-15
5.23	6.88174e-15
5.235	6.86812e-15
5.24	6.82469e-15
5.245	6.83479e-15
5.25	6.8394e-15
5.255	6.82015e-15
5.26	6.81635e-15
5.265	6.79671e-15
5.27	6.82157e-15
5.275	6.81158e-15
5.28	6.81764e-15
5.285	6.86055e-15
5.29	6.79891e-15
5.295	6.78197e-15
5.3	6.79459e-15
5.305	6.79272e-15
5.31	6.76091e-15
5.315	6.80293e-15
5.32	6.73964e-15
5.325	6.7838e-15
5.33	6.73828e-15
5.335	6.74886e-15
5.34	6.71844e-15
5.345	6.72562e-15
5.35	6.7724e-15
5.355	6.73459e-15
5.36	6.71512e-15
5.365	6.67926e-15
5.37	6.69658e-15
5.375	6.67379e-15
5.38	6.68184e-15
5.385	6.64472e-15
5.39	6.63813e-15
5.395	6.62789e-15
5.4	6.6355e-15
5.405	6.63414e-15
5.41	6.65903e-15
5.415	6.68129e-15
5.42	6.64104e-15
5.425	6.63526e-15
5.43	6.61439e-15
5.435	6.63767e-15
5.44	6.66496e-15
5.445	6.58476e-15
5.45	6.59108e-15
5.455	6.58356e-15
5.46	6.5678e-15
5.465	6.55063e-15
5.47	6.55577e-15
5.475	6.56478e-15
5.48	6.54866e-15
5.485	6.54598e-15
5.49	6.5179e-15
5.495	6.54148e-15
5.5	6.53286e-15
5.505	6.53485e-15
5.51	6.53305e-15
5.515	6.51338e-15
5.52	6.50295e-15
5.525	6.52281e-15
5.53	6.48705e-15
5.535	6.48148e-15
5.54	6.47678e-15
5.545	6.46852e-15
5.55	6.47558e-15
5.555	6.46305e-15
5.56	6.50483e-15
5.565	6.46626e-15
5.57	6.44836e-15
5.575	6.44583e-15
5.58	6.43598e-15
5.585	6.43201e-15
5.59	6.44701e-15
5.595	6.41505e-15
5.6	6.39041e-15
5.605	6.39376e-15
5.61	6.39685e-15
5.615	6.38172e-15
5.62	6.42635e-15
5.625	6.37093e-15
5.63	6.37726e-15
5.635	6.39395e-15
5.64	6.37815e-15
5.645	6.38427e-15
5.65	6.34846e-15
5.655	6.37019e-15
5.66	6.37113e-15
5.665	6.3614e-15
5.67	6.32493e-15
5.675	6.32577e-15
5.68	6.30675e-15
5.685	6.35062e-15
5.69	6.31706e-15
5.695	6.31634e-15
5.7	6.30995e-15
5.705	6.29867e-15
5.71	6.29192e-15
5.715	6.29018e-15
5.72	6.27831e-15
5.725	6.3064e-15
5.73	6.29646e-15
5.735	6.28929e-15
5.74	6.24747e-15
5.745	6.23955e-15
5.75	6.24215e-15
5.755	6.25058e-15
5.76	6.25506e-15
5.765	6.21717e-15
5.77	6.2174e-15
5.775	6.2254e-15
5.78	6.26125e-15
5.785	6.23896e-15
5.79	6.2324e-15
5.795	6.22144e-15
5.8	6.20766e-15
5.805	6.19543e-15
5.81	6.181e-15
5.815	6.17212e-15
5.82	6.15677e-15
5.825	6.15028e-15
5.83	6.14598e-15
5.835	6.15917e-15
5.84	6.1541e-15
5.845	6.14138e-15
5.85	6.16798e-15
5.855	6.17469e-15
5.86	6.1624e-15
5.865	6.14105e-15
5.87	6.14219e-15
5.875	6.1375e-15
5.88	6.13345e-15
5.885	6.09596e-15
5.89	6.10292e-15
5.895	6.07025e-15
5.9	6.08165e-15
5.905	6.08893e-15
5.91	6.1034e-15
5.915	6.07847e-15
5.92	6.07303e-15
5.925	6.05643e-15
5.93	6.06273e-15
5.935	6.07105e-15
5.94	6.05407e-15
5.945	6.06181e-15
5.95	6.02204e-15
5.955	6.05417e-15
5.96	6.01772e-15
5.965	6.01446e-15
5.97	6.04596e-15
5.975	6.00084e-15
5.98	6.01199e-15
5.985	6.00145e-15
5.99	6.00301e-15
5.995	6.01032e-15
6	6.00201e-15
6.005	5.97959e-15
6.01	6.01407e-15
6.015	5.98925e-15
6.02	5.98758e-15
6.025	5.95871e-15
6.03	5.95862e-15
6.035	5.94959e-15
6.04	5.94279e-15
6.045	5.94028e-15
6.05	5.95307e-15
6.055	5.93041e-15
6.06	5.93693e-15
6.065	5.93613e-15
6.07	5.9426e-15
6.075	5.92518e-15
6.08	5.94192e-15
6.085	5.92663e-15
6.09	5.90788e-15
6.095	5.90682e-15
6.1	5.88521e-15
6.105	5.86844e-15
6.11	5.86623e-15
6.115	5.86706e-15
6.12	5.8841e-15
6.125	5.87243e-15
6.13	5.87111e-15
6.135	5.86388e-15
6.14	5.87229e-15
6.145	5.8687e-15
6.15	5.85651e-15
6.155	5.85891e-15
6.16	5.82994e-15
6.165	5.826e-15
6.17	5.81457e-15
6.175	5.8058e-15
6.18	5.79661e-15
6.185	5.81362e-15
6.19	5.79653e-15
6.195	5.79296e-15
6.2	5.79634e-15
6.205	5.79177e-15
6.21	5.7999e-15
6.215	5.81597e-15
6.22	5.79196e-15
6.225	5.77715e-15
6.23	5.78651e-15
6.235	5.7566e-15
6.24	5.753e-15
6.245	5.74781e-15
6.25	5.74534e-15
6.255	5.73909e-15
6.26	5.76392e-15
6.265	5.73175e-15
6.27	5.73279e-15
6.275	5.73925e-15
6.28	5.73075e-15
6.285	5.73464e-15
6.29	5.73325e-15
6.295	5.71612e-15
6.3	5.77372e-15
6.305	5.72936e-15
6.31	5.69831e-15
6.315	5.69137e-15
6.32	5.66833e-15
6.325	5.69332e-15
6.33	5.65977e-15
6.335	5.66444e-15
6.34	5.67271e-15
6.345	5.66174e-15
6.35	5.68055e-15
6.355	5.67651e-15
6.36	5.67624e-15
6.365	5.67561e-15
6.37	5.65647e-15
6.375	5.67981e-15
6.38	5.62301e-15
6.385	5.62424e-15
6.39	5.62569e-15
6.395	5.62133e-15
6.4	5.60751e-15
6.405	5.59955e-15
6.41	5.62462e-15
6.415	5.61575e-15
6.42	5.60465e-15
6.425	5.61539e-15
6.43	5.61748e-15
6.435	5.60505e-15
6.44	5.59507e-15
6.445	5.58841e-15
6.45	5.56737e-15
6.455	5.5681e-15
6.46	5.56235e-15
6.465	5.55294e-15
6.47	5.53364e-15
6.475	5.55589e-15
6.48	5.53083e-15
6.485	5.58787e-15
6.49	5.55344e-15
6.495	5.54399e-15
6.5	5.53324e-15
6.505	5.55293e-15
6.51	5.53944e-15
6.515	5.53677e-15
6.52	5.51507e-15
6.525	5.5019e-15
6.53	5.53152e-15
6.535	5.50235e-15
6.54	5.50334e-15
6.545	5.49261e-15
6.55	5.50841e-15
6.555	5.47427e-15
6.56	5.48275e-15
6.565	5.49361e-15
6.57	5.48758e-15
6.575	5.47411e-15
6.58	5.48785e-15
6.585	5.46015e-15
6.59	5.45634e-15
6.595	5.45512e-15
6.6	5.43959e-15
6.605	5.43762e-15
6.61	5.43085e-15
6.615	5.42314e-15
6.62	5.4371e-15
6.625	5.41934e-15
6.63	5.42813e-15
6.635	5.46244e-15
6.64	5.44043e-15
6.645	5.42257e-15
6.65	5.4306e-15
6.655	5.41383e-15
6.66	5.39821e-15
6.665	5.38489e-15
6.67	5.4295e-15
6.675	5.38624e-15
6.68	5.36491e-15
6.685	5.37417e-15
6.69	5.40494e-15
6.695	5.3811e-15
6.7	5.35989e-15
6.705	5.37963e-15
6.71	5.39071e-15
6.715	5.37763e-15
6.72	5.37469e-15
6.725	5.35512e-15
6.73	5.36764e-15
6.735	5.32837e-15
6.74	5.3342e-15
6.745	5.32738e-15
6.75	5.31188e-15
6.755	5.31019e-15
6.76	5.31063e-15
6.765	5.31914e-15
6.77	5.31258e-15
6.775	5.30774e-15
6.78	5.33594e-15
6.785	5.29849e-15
6.79	5.29845e-15
6.795	5.31378e-15
6.8	5.30607e-15
6.805	5.29121e-15
6.81	5.28584e-15
6.815	5.28319e-15
6.82	5.26185e-15
6.825	5.25674e-15
6.83	5.26851e-15
6.835	5.26393e-15
6.84	5.25752e-15
6.845	5.26378e-15
6.85	5.25723e-15
6.855	5.26655e-15
6.86	5.28936e-15
6.865	5.24264e-15
6.87	5.2422e-15
6.875	5.25323e-15
6.88	5.25152e-15
6.885	5.22798e-15
6.89	5.25561e-15
6.895	5.20977e-15
6.9	5.22823e-15
6.905	5.19267e-15
6.91	5.21297e-15
6.915	5.20668e-15
6.92	5.20471e-15
6.925	5.18878e-15
6.93	5.22808e-15
6.935	5.20678e-15
6.94	5.18341e-15
6.945	5.19076e-15
6.95	5.18675e-15
6.955	5.1801e-15
6.96	5.16959e-15
6.965	5.15303e-15
6.97	5.155e-15
6.975	5.14464e-15
6.98	5.14553e-15
6.985	5.14369e-15
6.99	5.14697e-15
6.995	5.14274e-15
7	5.15043e-15
7.005	5.13688e-15
7.01	5.1422e-15
7.015	5.13324e-15
7.02	5.11127e-15
7.025	5.13687e-15
7.03	5.10785e-15
7.035	5.1278e-15
7.04	5.13011e-15
7.045	5.10071e-15
7.05	5.09872e-15
7.055	5.12083e-15
7.06	5.0933e-15
7.065	5.13081e-15
7.07	5.10071e-15
7.075	5.10823e-15
7.08	5.12155e-15
7.085	5.11355e-15
7.09	5.09842e-15
7.095	5.09706e-15
7.1	5.08289e-15
7.105	5.05068e-15
7.11	5.04235e-15
7.115	5.04866e-15
7.12	5.04662e-15
7.125	5.05675e-15
7.13	5.05532e-15
7.135	5.04865e-15
7.14	5.04778e-15
7.145	5.03581e-15
7.15	5.03974e-15
7.155	5.04108e-15
7.16	5.03225e-15
7.165	5.02536e-15
7.17	5.02579e-15
7.175	5.03504e-15
7.18	5.0006e-15
7.185	5.00148e-15
7.19	5.02865e-15
7.195	4.99478e-15
7.2	5.00639e-15
7.205	4.99233e-15
7.21	5.01048e-15
7.215	4.9861e-15
7.22	5.00823e-15
7.225	4.97683e-15
7.23	5.00696e-15
7.235	4.99644e-15
7.24	4.99493e-15
7.245	4.95803e-15
7.25	4.95164e-15
7.255	4.95336e-15
7.26	4.95508e-15
7.265	4.95048e-15
7.27	4.96779e-15
7.275	4.95949e-15
7.28	4.95355e-15
7.285	4.94258e-15
7.29	4.95654e-15
7.295	4.9417e-15
7.3	4.94843e-15
7.305	4.94024e-15
7.31	4.93579e-15
7.315	4.9298e-15
7.32	4.90787e-15
7.325	4.90482e-15
7.33	4.89945e-15
7.335	4.91981e-15
7.34	4.92378e-15
7.345	4.89713e-15
7.35	4.90449e-15
7.355	4.91983e-15
7.36	4.92179e-15
7.365	4.91781e-15
7.37	4.92154e-15
7.375	4.90531e-15
7.38	4.88003e-15
7.385	4.88799e-15
7.39	4.88314e-15
7.395	4.87137e-15
7.4	4.87357e-15
7.405	4.8581e-15
7.41	4.86499e-15
7.415	4.85247e-15
7.42	4.84722e-15
7.425	4.85437e-15
7.43	4.84915e-15
7.435	4.83881e-15
7.44	4.85775e-15
7.445	4.84646e-15
7.45	4.853e-15
7.455	4.84212e-15
7.46	4.82526e-15
7.465	4.81883e-15
7.47	4.81926e-15
7.475	4.80807e-15
7.48	4.81351e-15
7.485	4.81608e-15
7.49	4.81756e-15
7.495	4.81097e-15
7.5	4.81652e-15
7.505	4.84245e-15
7.51	4.82627e-15
7.515	4.80009e-15
7.52	4.81139e-15
7.525	4.81463e-15
7.53	4.78728e-15
7.535	4.77608e-15
7.54	4.77288e-15
7.545	4.76299e-15
7.55	4.76897e-15
7.555	4.74965e-15
7.56	4.76652e-15
7.565	4.76293e-15
7.57	4.77187e-15
7.575	4.78125e-15
7.58	4.76814e-15
7.585	4.75774e-15
7.59	4.75337e-15
7.595	4.7621e-15
7.6	4.73945e-15
7.605	4.73555e-15
7.61	4.72355e-15
7.615	4.71922e-15
7.62	4.71345e-15
7.625	4.7089e-15
7.63	4.7228e-15
7.635	4.72199e-15
7.64	4.72323e-15
7.645	4.71967e-15
7.65	4.72249e-15
7.655	4.73068e-15
7.66	4.72433e-15
7.665	4.71008e-15
7.67	4.71249e-15
7.675	4.70882e-15
7.68	4.68517e-15
7.685	4.68299e-15
7.69	4.66461e-15
7.695	4.66969e-15
7.7	4.67698e-15
7.705	4.69003e-15
7.71	4.67451e-15
7.715	4.68514e-15
7.72	4.68459e-15
7.725	4.68577e-15
7.73	4.66913e-15
7.735	4.656e-15
7.74	4.65837e-15
7.745	4.66376e-15
7.75	4.64433e-15
7.755	4.63656e-15
7.76	4.63026e-15
7.765	4.6387e-15
7.77	4.63391e-15
7.775	4.62253e-15
7.78	4.662e-15
7.785	4.63095e-15
7.79	4.64326e-15
7.795	4.65309e-15
7.8	4.63186e-15
7.805	4.61686e-15
7.81	4.62261e-15
7.815	4.60807e-15
7.82	4.60748e-15
7.825	4.62899e-15
7.83	4.58573e-15
7.835	4.57953e-15
7.84	4.62154e-15
7.845	4.59875e-15
7.85	4.59325e-15
7.855	4.60361e-15
7.86	4.6362e-15
7.865	4.59737e-15
7.87	4.59587e-15
7.875	4.60708e-15
7.88	4.59332e-15
7.885	4.58347e-15
7.89	4.57172e-15
7.895	4.59528e-15
7.9	4.55617e-15
7.905	4.54742e-15
7.91	4.56101e-15
7.915	4.54321e-15
7.92	4.55086e-15
7.925	4.54588e-15
7.93	4.55439e-15
7.935	4.54642e-15
7.94	4.55355e-15
7.945	4.55129e-15
7.95	4.54189e-15
7.955	4.54381e-15
7.96	4.52556e-15
7.965	4.52558e-15
7.97	4.51654e-15
7.975	4.50796e-15
7.98	4.50929e-15
7.985	4.49812e-15
7.99	4.51641e-15
7.995	4.51591e-15
8	4.50474e-15
8.005	4.52242e-15
8.01	4.52899e-15
8.015	4.52598e-15
8.02	4.51081e-15
8.025	4.49431e-15
8.03	4.49592e-15
8.035	4.48839e-15
8.04	4.47886e-15
8.045	4.46814e-15
8.05	4.47332e-15
8.055	4.47089e-15
8.06	4.46721e-15
8.065	4.47076e-15
8.07	4.48315e-15
8.075	4.47116e-15
8.08	4.47622e-15
8.085	4.48935e-15
8.09	4.46169e-15
8.095	4.45264e-15
8.1	4.46831e-15
8.105	4.44894e-15
8.11	4.44046e-15
8.115	4.44322e-15
8.12	4.43465e-15
8.125	4.42747e-15
8.13	4.45296e-15
8.135	4.42917e-15
8.14	4.43346e-15
8.145	4.42815e-15
8.15	4.41745e-15
8.155	4.42909e-15
8.16	4.42058e-15
8.165	4.43157e-15
8.17	4.43939e-15
8.175	4.40421e-15
8.18	4.41712e-15
8.185	4.40332e-15
8.19	4.39321e-15
8.195	4.39201e-15
8.2	4.38558e-15
8.205	4.39677e-15
8.21	4.40797e-15
8.215	4.3936e-15
8.22	4.40685e-15
8.225	4.39457e-15
8.23	4.40652e-15
8.235	4.38591e-15
8.24	4.38944e-15
8.245	4.39032e-15
8.25	4.38958e-15
8.255	4.37766e-15
8.26	4.38548e-15
8.265	4.36511e-15
8.27	4.37796e-15
8.275	4.34278e-15
8.28	4.36493e-15
8.285	4.35764e-15
8.29	4.35512e-15
8.295	4.36845e-15
8.3	4.36458e-15
8.305	4.34789e-15
8.31	4.34044e-15
8.315	4.34084e-15
8.32	4.3392e-15
8.325	4.3261e-15
8.33	4.32714e-15
8.335	4.33001e-15
8.34	4.31478e-15
8.345	4.33314e-15
8.35	4.30908e-15
8.355	4.30692e-15
8.36	4.32013e-15
8.365	4.30815e-15
8.37	4.32036e-15
8.375	4.31254e-15
8.38	4.33151e-15
8.385	4.31297e-15
8.39	4.2975e-15
8.395	4.28475e-15
8.4	4.31655e-15
8.405	4.27831e-15
8.41	4.27387e-15
8.415	4.26541e-15
8.42	4.3047e-15
8.425	4.28382e-15
8.43	4.27669e-15
8.435	4.27478e-15
8.44	4.29379e-15
8.445	4.27967e-15
8.45	4.28071e-15
8.455	4.28612e-15
8.46	4.27399e-15
8.465	4.26612e-15
8.47	4.25301e-15
8.475	4.27808e-15
8.48	4.24226e-15
8.485	4.23976e-15
8.49	4.25796e-15
8.495	4.235e-15
8.5	4.24314e-15
8.505	4.23666e-15
8.51	4.24442e-15
8.515	4.24673e-15
8.52	4.25959e-15
8.525	4.2565e-15
8.53	4.23657e-15
8.535	4.24237e-15
8.54	4.25443e-15
8.545	4.245e-15
8.55	4.21634e-15
8.555	4.20006e-15
8.56	4.20193e-15
8.565	4.22287e-15
8.57	4.21429e-15
8.575	4.20574e-15
8.58	4.21382e-15
8.585	4.22959e-15
8.59	4.22118e-15
8.595	4.20736e-15
8.6	4.19549e-15
8.605	4.20099e-15
8.61	4.19864e-15
8.615	4.18226e-15
8.62	4.19622e-15
8.625	4.17444e-15
8.63	4.16834e-15
8.635	4.20203e-15
8.64	4.18111e-15
8.645	4.17156e-15
8.65	4.18021e-15
8.655	4.17073e-15
8.66	4.18132e-15
8.665	4.18207e-15
8.67	4.18613e-15
8.675	4.17994e-15
8.68	4.16399e-15
8.685	4.14898e-15
8.69	4.16905e-15
8.695	4.14652e-15
8.7	4.13454e-15
8.705	4.15362e-15
8.71	4.159e-15
8.715	4.14794e-15
8.72	4.13667e-15
8.725	4.12989e-15
8.73	4.14814e-15
8.735	4.14742e-15
8.74	4.14096e-15
8.745	4.1332e-15
8.75	4.13869e-15
8.755	4.12729e-15
8.76	4.1208e-15
8.765	4.13289e-15
8.77	4.10532e-15
8.775	4.10918e-15
8.78	4.1261e-15
8.785	4.10999e-15
8.79	4.09688e-15
8.795	4.10011e-15
8.8	4.09245e-15
8.805	4.10697e-15
8.81	4.1264e-15
8.815	4.11456e-15
8.82	4.09169e-15
8.825	4.09584e-15
8.83	4.09689e-15
8.835	4.10561e-15
8.84	4.07641e-15
8.845	4.06641e-15
8.85	4.06723e-15
8.855	4.09109e-15
8.86	4.08031e-15
8.865	4.07167e-15
8.87	4.0726e-15
8.875	4.10213e-15
8.88	4.0834e-15
8.885	4.07365e-15
8.89	4.05858e-15
8.895	4.06414e-15
8.9	4.06559e-15
8.905	4.06661e-15
8.91	4.05461e-15
8.915	4.0459e-15
8.92	4.0365e-15
8.925	4.05316e-15
8.93	4.03202e-15
8.935	4.04672e-15
8.94	4.04142e-15
8.945	4.05896e-15
8.95	4.0528e-15
8.955	4.05026e-15
8.96	4.05733e-15
8.965	4.04337e-15
8.97	4.03657e-15
8.975	4.02513e-15
8.98	4.03793e-15
8.985	4.01447e-15
8.99	4.00333e-15
8.995	4.00912e-15
9	4.01725e-15
9.005	4.00093e-15
9.01	4.00724e-15
9.015	4.00819e-15
9.02	4.0254e-15
9.025	4.02016e-15
9.03	4.02505e-15
9.035	4.01756e-15
9.04	3.99004e-15
9.045	4.003e-15
9.05	4.00482e-15
9.055	3.98882e-15
9.06	3.97615e-15
9.065	3.97734e-15
9.07	3.97338e-15
9.075	3.99483e-15
9.08	3.97099e-15
9.085	3.98895e-15
9.09	3.98007e-15
9.095	3.96612e-15
9.1	3.97694e-15
9.105	3.983e-15
9.11	3.97899e-15
9.115	3.97957e-15
9.12	3.97906e-15
9.125	3.95701e-15
9.13	3.95287e-15
9.135	3.94272e-15
9.14	3.94329e-15
9.145	3.95488e-15
9.15	3.95843e-15
9.155	3.94133e-15
9.16	3.9444e-15
9.165	3.93113e-15
9.17	3.95356e-15
9.175	3.94288e-15
9.18	3.93681e-15
9.185	3.94232e-15
9.19	3.93831e-15
9.195	3.93545e-15
9.2	3.91698e-15
9.205	3.91451e-15
9.21	3.91932e-15
9.215	3.91391e-15
9.22	3.92788e-15
9.225	3.93558e-15
9.23	3.9222e-15
9.235	3.91562e-15
9.24	3.9251e-15
9.245	3.91563e-15
9.25	3.92303e-15
9.255	3.90631e-15
9.26	3.91406e-15
9.265	3.896e-15
9.27	3.88994e-15
9.275	3.88165e-15
9.28	3.88835e-15
9.285	3.88476e-15
9.29	3.88914e-15
9.295	3.88417e-15
9.3	3.88507e-15
9.305	3.91158e-15
9.31	3.89055e-15
9.315	3.87494e-15
9.32	3.87893e-15
9.325	3.88012e-15
9.33	3.89399e-15
9.335	3.86872e-15
9.34	3.8721e-15
9.345	3.85817e-15
9.35	3.85235e-15
9.355	3.85586e-15
9.36	3.85522e-15
9.365	3.856e-15
9.37	3.8541e-15
9.375	3.85967e-15
9.38	3.85253e-15
9.385	3.86463e-15
9.39	3.86611e-15
9.395	3.8616e-15
9.4	3.85819e-15
9.405	3.84697e-15
9.41	3.84667e-15
9.415	3.85518e-15
9.42	3.82603e-15
9.425	3.81961e-15
9.43	3.82566e-15
9.435	3.84515e-15
9.44	3.82417e-15
9.445	3.82626e-15
9.45	3.82848e-15
9.455	3.8353e-15
9.46	3.84403e-15
9.465	3.81882e-15
9.47	3.81672e-15
9.475	3.80633e-15
9.48	3.80757e-15
9.485	3.82102e-15
9.49	3.81198e-15
9.495	3.79829e-15
9.5	3.79884e-15
9.505	3.79144e-15
9.51	3.79195e-15
9.515	3.80469e-15
9.52	3.79103e-15
9.525	3.79783e-15
9.53	3.79604e-15
9.535	3.78775e-15
9.54	3.79937e-15
9.545	3.80978e-15
9.55	3.78113e-15
9.555	3.78899e-15
9.56	3.78895e-15
9.565	3.77696e-15
9.57	3.76878e-15
9.575	3.76543e-15
9.58	3.76223e-15
9.585	3.78125e-15
9.59	3.76439e-15
9.595	3.76972e-15
9.6	3.7901e-15
9.605	3.77325e-15
9.61	3.77067e-15
9.615	3.7745e-15
9.62	3.76375e-15
9.625	3.7728e-15
9.63	3.76015e-15
9.635	3.7639e-15
9.64	3.74704e-15
9.645	3.74322e-15
9.65	3.73564e-15
9.655	3.76093e-15
9.66	3.74546e-15
9.665	3.73693e-15
9.67	3.74331e-15
9.675	3.75886e-15
9.68	3.73454e-15
9.685	3.74885e-15
9.69	3.758e-15
9.695	3.75646e-15
9.7	3.72839e-15
9.705	3.72414e-15
9.71	3.71282e-15
9.715	3.71488e-15
9.72	3.71241e-15
9.725	3.71745e-15
9.73	3.72012e-15
9.735	3.71605e-15
9.74	3.7152e-15
9.745	3.72034e-15
9.75	3.72908e-15
9.755	3.70803e-15
9.76	3.70634e-15
9.765	3.70374e-15
9.77	3.69394e-15
9.775	3.71078e-15
9.78	3.70298e-15
9.785	3.69409e-15
9.79	3.6796e-15
9.795	3.68292e-15
9.8	3.68736e-15
9.805	3.69963e-15
9.81	3.68721e-15
9.815	3.69075e-15
9.82	3.68641e-15
9.825	3.68727e-15
9.83	3.681e-15
9.835	3.6782e-15
9.84	3.69105e-15
9.845	3.67997e-15
9.85	3.68789e-15
9.855	3.66384e-15
9.86	3.65644e-15
9.865	3.66204e-15
9.87	3.65332e-15
9.875	3.66744e-15
9.88	3.66683e-15
9.885	3.65536e-15
9.89	3.66206e-15
9.895	3.67063e-15
9.9	3.65841e-15
9.905	3.66308e-15
9.91	3.65993e-15
9.915	3.66758e-15
9.92	3.6494e-15
9.925	3.64292e-15
9.93	3.64337e-15
9.935	3.64465e-15
9.94	3.63169e-15
9.945	3.63506e-15
9.95	3.64644e-15
9.955	3.63089e-15
9.96	3.6327e-15
9.965	3.64425e-15
9.97	3.64528e-15
9.975	3.64364e-15
9.98	3.65172e-15
9.985	3.63651e-15
9.99	3.63289e-15
9.995	3.62615e-15
10	3.61436e-15
