0.005	8.20346e-17
0.01	1.27853e-12
0.015	7.04739e-12
0.02	4.21635e-12
0.025	2.6453e-12
0.03	1.92337e-12
0.035	1.51102e-12
0.04	1.24426e-12
0.045	1.05755e-12
0.05	9.19577e-13
0.055	8.13445e-13
0.06	7.29279e-13
0.065	6.60901e-13
0.07	6.04246e-13
0.075	5.56539e-13
0.08	5.15811e-13
0.085	4.80642e-13
0.09	4.49961e-13
0.095	4.22962e-13
0.1	3.9902e-13
0.105	3.77647e-13
0.11	3.58445e-13
0.115	3.411e-13
0.12	3.25357e-13
0.125	3.11007e-13
0.13	2.97865e-13
0.135	2.85792e-13
0.14	2.74659e-13
0.145	2.6436e-13
0.15	2.54806e-13
0.155	2.45919e-13
0.16	2.3763e-13
0.165	2.29883e-13
0.17	2.22624e-13
0.175	2.15811e-13
0.18	2.09403e-13
0.185	2.03363e-13
0.19	1.97661e-13
0.195	1.92272e-13
0.2	1.8717e-13
0.205	1.8233e-13
0.21	1.77735e-13
0.215	1.73365e-13
0.22	1.69206e-13
0.225	1.65241e-13
0.23	1.61458e-13
0.235	1.57845e-13
0.24	1.5439e-13
0.245	1.51081e-13
0.25	1.47913e-13
0.255	1.44875e-13
0.26	1.41959e-13
0.265	1.39159e-13
0.27	1.36466e-13
0.275	1.33875e-13
0.28	1.31382e-13
0.285	1.2898e-13
0.29	1.26664e-13
0.295	1.2443e-13
0.3	1.22273e-13
0.305	1.20191e-13
0.31	1.18177e-13
0.315	1.16229e-13
0.32	1.14345e-13
0.325	1.12521e-13
0.33	1.10755e-13
0.335	1.09043e-13
0.34	1.07384e-13
0.345	1.05774e-13
0.35	1.04212e-13
0.355	1.02695e-13
0.36	1.01222e-13
0.365	9.97897e-14
0.37	9.83985e-14
0.375	9.70458e-14
0.38	9.57286e-14
0.385	9.44478e-14
0.39	9.31997e-14
0.395	9.19845e-14
0.4	9.08014e-14
0.405	8.9648e-14
0.41	8.85229e-14
0.415	8.74263e-14
0.42	8.6356e-14
0.425	8.53128e-14
0.43	8.42937e-14
0.435	8.32985e-14
0.44	8.23266e-14
0.445	8.13778e-14
0.45	8.04495e-14
0.455	7.95434e-14
0.46	7.86571e-14
0.465	7.77902e-14
0.47	7.69421e-14
0.475	7.61131e-14
0.48	7.53007e-14
0.485	7.4506e-14
0.49	7.37272e-14
0.495	7.29657e-14
0.5	7.22189e-14
0.505	7.14875e-14
0.51	7.07703e-14
0.515	7.00686e-14
0.52	6.93799e-14
0.525	6.87052e-14
0.53	6.80423e-14
0.535	6.73929e-14
0.54	6.67553e-14
0.545	6.61301e-14
0.55	6.55169e-14
0.555	6.49143e-14
0.56	6.43234e-14
0.565	6.37419e-14
0.57	6.31722e-14
0.575	6.26121e-14
0.58	6.20613e-14
0.585	6.15209e-14
0.59	6.09899e-14
0.595	6.04672e-14
0.6	5.9954e-14
0.605	5.94491e-14
0.61	5.89523e-14
0.615	5.84644e-14
0.62	5.79847e-14
0.625	5.75123e-14
0.63	5.70482e-14
0.635	5.65908e-14
0.64	5.6141e-14
0.645	5.56981e-14
0.65	5.52619e-14
0.655	5.48333e-14
0.66	5.44107e-14
0.665	5.39952e-14
0.67	5.35855e-14
0.675	5.31818e-14
0.68	5.27844e-14
0.685	5.23931e-14
0.69	5.20073e-14
0.695	5.16269e-14
0.7	5.12523e-14
0.705	5.08833e-14
0.71	5.05199e-14
0.715	5.01609e-14
0.72	4.98067e-14
0.725	4.94587e-14
0.73	4.91146e-14
0.735	4.87752e-14
0.74	4.84409e-14
0.745	4.81111e-14
0.75	4.77856e-14
0.755	4.74644e-14
0.76	4.71478e-14
0.765	4.68352e-14
0.77	4.65266e-14
0.775	4.62226e-14
0.78	4.59224e-14
0.785	4.56259e-14
0.79	4.5333e-14
0.795	4.50439e-14
0.8	4.47587e-14
0.805	4.44771e-14
0.81	4.41987e-14
0.815	4.3924e-14
0.82	4.36529e-14
0.825	4.33847e-14
0.83	4.31202e-14
0.835	4.28589e-14
0.84	4.26004e-14
0.845	4.23449e-14
0.85	4.20926e-14
0.855	4.18436e-14
0.86	4.15972e-14
0.865	4.13542e-14
0.87	4.11131e-14
0.875	4.08757e-14
0.88	4.06405e-14
0.885	4.04083e-14
0.89	4.01786e-14
0.895	3.99517e-14
0.9	3.97271e-14
0.905	3.9505e-14
0.91	3.92853e-14
0.915	3.90685e-14
0.92	3.88536e-14
0.925	3.86411e-14
0.93	3.84313e-14
0.935	3.82234e-14
0.94	3.80181e-14
0.945	3.78146e-14
0.95	3.7613e-14
0.955	3.74143e-14
0.96	3.72172e-14
0.965	3.70225e-14
0.97	3.68295e-14
0.975	3.66386e-14
0.98	3.64499e-14
0.985	3.62629e-14
0.99	3.60779e-14
0.995	3.58949e-14
1	3.57134e-14
1.005	3.55339e-14
1.01	3.53566e-14
1.015	3.51805e-14
1.02	3.50063e-14
1.025	3.4834e-14
1.03	3.46632e-14
1.035	3.44943e-14
1.04	3.43268e-14
1.045	3.41609e-14
1.05	3.39965e-14
1.055	3.3834e-14
1.06	3.36729e-14
1.065	3.35132e-14
1.07	3.33551e-14
1.075	3.31988e-14
1.08	3.30438e-14
1.085	3.289e-14
1.09	3.27377e-14
1.095	3.25868e-14
1.1	3.24375e-14
1.105	3.22894e-14
1.11	3.21428e-14
1.115	3.19976e-14
1.12	3.18534e-14
1.125	3.17103e-14
1.13	3.15693e-14
1.135	3.14288e-14
1.14	3.12897e-14
1.145	3.11518e-14
1.15	3.10156e-14
1.155	3.08801e-14
1.16	3.0746e-14
1.165	3.06129e-14
1.17	3.04807e-14
1.175	3.03505e-14
1.18	3.02205e-14
1.185	3.00919e-14
1.19	2.99647e-14
1.195	2.98384e-14
1.2	2.9713e-14
1.205	2.95887e-14
1.21	2.94655e-14
1.215	2.93435e-14
1.22	2.92222e-14
1.225	2.91022e-14
1.23	2.8983e-14
1.235	2.88646e-14
1.24	2.87472e-14
1.245	2.86311e-14
1.25	2.85159e-14
1.255	2.84013e-14
1.26	2.82877e-14
1.265	2.81753e-14
1.27	2.80633e-14
1.275	2.79525e-14
1.28	2.78427e-14
1.285	2.77336e-14
1.29	2.76254e-14
1.295	2.75178e-14
1.3	2.74114e-14
1.305	2.73058e-14
1.31	2.72008e-14
1.315	2.70966e-14
1.32	2.69933e-14
1.325	2.6891e-14
1.33	2.6789e-14
1.335	2.6688e-14
1.34	2.65878e-14
1.345	2.64883e-14
1.35	2.63896e-14
1.355	2.62915e-14
1.36	2.61943e-14
1.365	2.60977e-14
1.37	2.60019e-14
1.375	2.59068e-14
1.38	2.58123e-14
1.385	2.57186e-14
1.39	2.56255e-14
1.395	2.55331e-14
1.4	2.54414e-14
1.405	2.53502e-14
1.41	2.52599e-14
1.415	2.51702e-14
1.42	2.50809e-14
1.425	2.49923e-14
1.43	2.49045e-14
1.435	2.48172e-14
1.44	2.47306e-14
1.445	2.46446e-14
1.45	2.4559e-14
1.455	2.44743e-14
1.46	2.43899e-14
1.465	2.43063e-14
1.47	2.4223e-14
1.475	2.41408e-14
1.48	2.40587e-14
1.485	2.3977e-14
1.49	2.38961e-14
1.495	2.38158e-14
1.5	2.37359e-14
1.505	2.36568e-14
1.51	2.35779e-14
1.515	2.34998e-14
1.52	2.3422e-14
1.525	2.33449e-14
1.53	2.32684e-14
1.535	2.31922e-14
1.54	2.31166e-14
1.545	2.30413e-14
1.55	2.29665e-14
1.555	2.28924e-14
1.56	2.28185e-14
1.565	2.27456e-14
1.57	2.26725e-14
1.575	2.26003e-14
1.58	2.25284e-14
1.585	2.24571e-14
1.59	2.23861e-14
1.595	2.23156e-14
1.6	2.22457e-14
1.605	2.21759e-14
1.61	2.21068e-14
1.615	2.2038e-14
1.62	2.19697e-14
1.625	2.19018e-14
1.63	2.18343e-14
1.635	2.17671e-14
1.64	2.17004e-14
1.645	2.16343e-14
1.65	2.15686e-14
1.655	2.1503e-14
1.66	2.14381e-14
1.665	2.13735e-14
1.67	2.13091e-14
1.675	2.12451e-14
1.68	2.11819e-14
1.685	2.11186e-14
1.69	2.10559e-14
1.695	2.09937e-14
1.7	2.09314e-14
1.705	2.08698e-14
1.71	2.08087e-14
1.715	2.07477e-14
1.72	2.06873e-14
1.725	2.0627e-14
1.73	2.05672e-14
1.735	2.05077e-14
1.74	2.04484e-14
1.745	2.03897e-14
1.75	2.03313e-14
1.755	2.02731e-14
1.76	2.02155e-14
1.765	2.01578e-14
1.77	2.01006e-14
1.775	2.0044e-14
1.78	1.99875e-14
1.785	1.99311e-14
1.79	1.98753e-14
1.795	1.98197e-14
1.8	1.97644e-14
1.805	1.97096e-14
1.81	1.9655e-14
1.815	1.96005e-14
1.82	1.95466e-14
1.825	1.9493e-14
1.83	1.94395e-14
1.835	1.93864e-14
1.84	1.93334e-14
1.845	1.92808e-14
1.85	1.92287e-14
1.855	1.91766e-14
1.86	1.91249e-14
1.865	1.90735e-14
1.87	1.90223e-14
1.875	1.89715e-14
1.88	1.89207e-14
1.885	1.88704e-14
1.89	1.88204e-14
1.895	1.87706e-14
1.9	1.87212e-14
1.905	1.86717e-14
1.91	1.86229e-14
1.915	1.85741e-14
1.92	1.85256e-14
1.925	1.84774e-14
1.93	1.84293e-14
1.935	1.83815e-14
1.94	1.83339e-14
1.945	1.82869e-14
1.95	1.82397e-14
1.955	1.8193e-14
1.96	1.81465e-14
1.965	1.81001e-14
1.97	1.80541e-14
1.975	1.80083e-14
1.98	1.79628e-14
1.985	1.79174e-14
1.99	1.78723e-14
1.995	1.78273e-14
2	1.77826e-14
2.005	1.77382e-14
2.01	1.7694e-14
2.015	1.765e-14
2.02	1.76061e-14
2.025	1.75626e-14
2.03	1.75192e-14
2.035	1.74761e-14
2.04	1.74331e-14
2.045	1.73904e-14
2.05	1.73479e-14
2.055	1.73057e-14
2.06	1.72636e-14
2.065	1.72217e-14
2.07	1.71799e-14
2.075	1.71385e-14
2.08	1.70974e-14
2.085	1.70562e-14
2.09	1.70151e-14
2.095	1.69746e-14
2.1	1.69341e-14
2.105	1.68938e-14
2.11	1.68537e-14
2.115	1.68138e-14
2.12	1.67741e-14
2.125	1.67346e-14
2.13	1.66953e-14
2.135	1.66559e-14
2.14	1.6617e-14
2.145	1.65782e-14
2.15	1.65395e-14
2.155	1.6501e-14
2.16	1.64628e-14
2.165	1.64247e-14
2.17	1.63868e-14
2.175	1.6349e-14
2.18	1.63116e-14
2.185	1.62742e-14
2.19	1.62369e-14
2.195	1.62e-14
2.2	1.61631e-14
2.205	1.61264e-14
2.21	1.60897e-14
2.215	1.60534e-14
2.22	1.60172e-14
2.225	1.59812e-14
2.23	1.59454e-14
2.235	1.59095e-14
2.24	1.5874e-14
2.245	1.58385e-14
2.25	1.58033e-14
2.255	1.57684e-14
2.26	1.57335e-14
2.265	1.56986e-14
2.27	1.5664e-14
2.275	1.56295e-14
2.28	1.55953e-14
2.285	1.55611e-14
2.29	1.55269e-14
2.295	1.54932e-14
2.3	1.54593e-14
2.305	1.54258e-14
2.31	1.53924e-14
2.315	1.53591e-14
2.32	1.5326e-14
2.325	1.52931e-14
2.33	1.52601e-14
2.335	1.52275e-14
2.34	1.51949e-14
2.345	1.51625e-14
2.35	1.51303e-14
2.355	1.50981e-14
2.36	1.50661e-14
2.365	1.50342e-14
2.37	1.50023e-14
2.375	1.49709e-14
2.38	1.49394e-14
2.385	1.4908e-14
2.39	1.48768e-14
2.395	1.48457e-14
2.4	1.48148e-14
2.405	1.47838e-14
2.41	1.47533e-14
2.415	1.47226e-14
2.42	1.46921e-14
2.425	1.46619e-14
2.43	1.46318e-14
2.435	1.46017e-14
2.44	1.45718e-14
2.445	1.45419e-14
2.45	1.45123e-14
2.455	1.44827e-14
2.46	1.44531e-14
2.465	1.44238e-14
2.47	1.43947e-14
2.475	1.43655e-14
2.48	1.43365e-14
2.485	1.43077e-14
2.49	1.42789e-14
2.495	1.42504e-14
2.5	1.42218e-14
2.505	1.41934e-14
2.51	1.41652e-14
2.515	1.41369e-14
2.52	1.4109e-14
2.525	1.4081e-14
2.53	1.40533e-14
2.535	1.40254e-14
2.54	1.39978e-14
2.545	1.39704e-14
2.55	1.39429e-14
2.555	1.39156e-14
2.56	1.38885e-14
2.565	1.38614e-14
2.57	1.38344e-14
2.575	1.38076e-14
2.58	1.37808e-14
2.585	1.3754e-14
2.59	1.37276e-14
2.595	1.37011e-14
2.6	1.36747e-14
2.605	1.36484e-14
2.61	1.36224e-14
2.615	1.35963e-14
2.62	1.35703e-14
2.625	1.35446e-14
2.63	1.35189e-14
2.635	1.34931e-14
2.64	1.34675e-14
2.645	1.34422e-14
2.65	1.34169e-14
2.655	1.33916e-14
2.66	1.33664e-14
2.665	1.33412e-14
2.67	1.33164e-14
2.675	1.32914e-14
2.68	1.32665e-14
2.685	1.32419e-14
2.69	1.32173e-14
2.695	1.31928e-14
2.7	1.31683e-14
2.705	1.3144e-14
2.71	1.31198e-14
2.715	1.30957e-14
2.72	1.30716e-14
2.725	1.30476e-14
2.73	1.30237e-14
2.735	1.29999e-14
2.74	1.29762e-14
2.745	1.29526e-14
2.75	1.2929e-14
2.755	1.29056e-14
2.76	1.28822e-14
2.765	1.28591e-14
2.77	1.28359e-14
2.775	1.28128e-14
2.78	1.27896e-14
2.785	1.27667e-14
2.79	1.27439e-14
2.795	1.27211e-14
2.8	1.26983e-14
2.805	1.26756e-14
2.81	1.26532e-14
2.815	1.26307e-14
2.82	1.26083e-14
2.825	1.2586e-14
2.83	1.25639e-14
2.835	1.25417e-14
2.84	1.25197e-14
2.845	1.24976e-14
2.85	1.24757e-14
2.855	1.2454e-14
2.86	1.24322e-14
2.865	1.24105e-14
2.87	1.2389e-14
2.875	1.23675e-14
2.88	1.23459e-14
2.885	1.23245e-14
2.89	1.23033e-14
2.895	1.22821e-14
2.9	1.22609e-14
2.905	1.22398e-14
2.91	1.22189e-14
2.915	1.21978e-14
2.92	1.21769e-14
2.925	1.21562e-14
2.93	1.21354e-14
2.935	1.21148e-14
2.94	1.20942e-14
2.945	1.20737e-14
2.95	1.20533e-14
2.955	1.2033e-14
2.96	1.20126e-14
2.965	1.19924e-14
2.97	1.19722e-14
2.975	1.19521e-14
2.98	1.19322e-14
2.985	1.19121e-14
2.99	1.18922e-14
2.995	1.18724e-14
3	1.18526e-14
3.005	1.18329e-14
3.01	1.18133e-14
3.015	1.17938e-14
3.02	1.17742e-14
3.025	1.17549e-14
3.03	1.17355e-14
3.035	1.17162e-14
3.04	1.16968e-14
3.045	1.16777e-14
3.05	1.16586e-14
3.055	1.16395e-14
3.06	1.16206e-14
3.065	1.16016e-14
3.07	1.15828e-14
3.075	1.15639e-14
3.08	1.15452e-14
3.085	1.15266e-14
3.09	1.15079e-14
3.095	1.14893e-14
3.1	1.14709e-14
3.105	1.14524e-14
3.11	1.14341e-14
3.115	1.14157e-14
3.12	1.13974e-14
3.125	1.13793e-14
3.13	1.13611e-14
3.135	1.1343e-14
3.14	1.13251e-14
3.145	1.13071e-14
3.15	1.12892e-14
3.155	1.12713e-14
3.16	1.12535e-14
3.165	1.12358e-14
3.17	1.1218e-14
3.175	1.12005e-14
3.18	1.11828e-14
3.185	1.11652e-14
3.19	1.11478e-14
3.195	1.11304e-14
3.2	1.11131e-14
3.205	1.10958e-14
3.21	1.10785e-14
3.215	1.10613e-14
3.22	1.10442e-14
3.225	1.10271e-14
3.23	1.10101e-14
3.235	1.09931e-14
3.24	1.09761e-14
3.245	1.09593e-14
3.25	1.09424e-14
3.255	1.09257e-14
3.26	1.09089e-14
3.265	1.08923e-14
3.27	1.08756e-14
3.275	1.08591e-14
3.28	1.08426e-14
3.285	1.0826e-14
3.29	1.08097e-14
3.295	1.07934e-14
3.3	1.07769e-14
3.305	1.07607e-14
3.31	1.07444e-14
3.315	1.07283e-14
3.32	1.07122e-14
3.325	1.06961e-14
3.33	1.06802e-14
3.335	1.06641e-14
3.34	1.06483e-14
3.345	1.06324e-14
3.35	1.06165e-14
3.355	1.06008e-14
3.36	1.05851e-14
3.365	1.05693e-14
3.37	1.05537e-14
3.375	1.05381e-14
3.38	1.05225e-14
3.385	1.05071e-14
3.39	1.04916e-14
3.395	1.04762e-14
3.4	1.04608e-14
3.405	1.04454e-14
3.41	1.04302e-14
3.415	1.04149e-14
3.42	1.03997e-14
3.425	1.03846e-14
3.43	1.03695e-14
3.435	1.03545e-14
3.44	1.03395e-14
3.445	1.03245e-14
3.45	1.03096e-14
3.455	1.02946e-14
3.46	1.02799e-14
3.465	1.02651e-14
3.47	1.02502e-14
3.475	1.02356e-14
3.48	1.02208e-14
3.485	1.02064e-14
3.49	1.01918e-14
3.495	1.01772e-14
3.5	1.01628e-14
3.505	1.01483e-14
3.51	1.01338e-14
3.515	1.01195e-14
3.52	1.01052e-14
3.525	1.00908e-14
3.53	1.00766e-14
3.535	1.00623e-14
3.54	1.00481e-14
3.545	1.0034e-14
3.55	1.002e-14
3.555	1.00059e-14
3.56	9.99184e-15
3.565	9.97791e-15
3.57	9.964e-15
3.575	9.95014e-15
3.58	9.93628e-15
3.585	9.9224e-15
3.59	9.90858e-15
3.595	9.89488e-15
3.6	9.88116e-15
3.605	9.86755e-15
3.61	9.85398e-15
3.615	9.84036e-15
3.62	9.8268e-15
3.625	9.81332e-15
3.63	9.79989e-15
3.635	9.78641e-15
3.64	9.773e-15
3.645	9.75962e-15
3.65	9.74627e-15
3.655	9.73298e-15
3.66	9.71971e-15
3.665	9.70653e-15
3.67	9.69332e-15
3.675	9.68016e-15
3.68	9.66708e-15
3.685	9.65405e-15
3.69	9.64096e-15
3.695	9.62802e-15
3.7	9.61507e-15
3.705	9.60207e-15
3.71	9.58914e-15
3.715	9.57636e-15
3.72	9.56349e-15
3.725	9.55062e-15
3.73	9.538e-15
3.735	9.52524e-15
3.74	9.5125e-15
3.745	9.49984e-15
3.75	9.48722e-15
3.755	9.47463e-15
3.76	9.46206e-15
3.765	9.4496e-15
3.77	9.43707e-15
3.775	9.42471e-15
3.78	9.41224e-15
3.785	9.39986e-15
3.79	9.38749e-15
3.795	9.37513e-15
3.8	9.3629e-15
3.805	9.35068e-15
3.81	9.33836e-15
3.815	9.32622e-15
3.82	9.31404e-15
3.825	9.30191e-15
3.83	9.28975e-15
3.835	9.27772e-15
3.84	9.26569e-15
3.845	9.25368e-15
3.85	9.24171e-15
3.855	9.2298e-15
3.86	9.2179e-15
3.865	9.20598e-15
3.87	9.1941e-15
3.875	9.18229e-15
3.88	9.17049e-15
3.885	9.15874e-15
3.89	9.147e-15
3.895	9.13536e-15
3.9	9.12369e-15
3.905	9.11203e-15
3.91	9.10048e-15
3.915	9.08879e-15
3.92	9.07726e-15
3.925	9.0658e-15
3.93	9.05428e-15
3.935	9.04287e-15
3.94	9.03139e-15
3.945	9.01994e-15
3.95	9.00858e-15
3.955	8.99733e-15
3.96	8.98604e-15
3.965	8.9747e-15
3.97	8.96344e-15
3.975	8.95224e-15
3.98	8.94099e-15
3.985	8.92986e-15
3.99	8.91872e-15
3.995	8.90758e-15
4	8.89649e-15
4.005	8.88548e-15
4.01	8.87442e-15
4.015	8.86344e-15
4.02	8.85241e-15
4.025	8.8415e-15
4.03	8.83053e-15
4.035	8.81964e-15
4.04	8.80881e-15
4.045	8.79795e-15
4.05	8.78716e-15
4.055	8.7764e-15
4.06	8.76565e-15
4.065	8.75486e-15
4.07	8.74415e-15
4.075	8.73349e-15
4.08	8.72276e-15
4.085	8.71222e-15
4.09	8.70155e-15
4.095	8.69102e-15
4.1	8.68043e-15
4.105	8.66992e-15
4.11	8.65944e-15
4.115	8.6489e-15
4.12	8.63849e-15
4.125	8.62804e-15
4.13	8.61763e-15
4.135	8.60732e-15
4.14	8.59692e-15
4.145	8.58659e-15
4.15	8.57637e-15
4.155	8.56607e-15
4.16	8.55579e-15
4.165	8.54562e-15
4.17	8.53535e-15
4.175	8.52524e-15
4.18	8.51503e-15
4.185	8.50492e-15
4.19	8.49482e-15
4.195	8.48478e-15
4.2	8.47472e-15
4.205	8.46469e-15
4.21	8.45468e-15
4.215	8.44473e-15
4.22	8.43476e-15
4.225	8.42485e-15
4.23	8.41492e-15
4.235	8.40502e-15
4.24	8.39517e-15
4.245	8.38531e-15
4.25	8.37544e-15
4.255	8.36571e-15
4.26	8.35595e-15
4.265	8.3462e-15
4.27	8.33648e-15
4.275	8.32679e-15
4.28	8.31707e-15
4.285	8.30742e-15
4.29	8.2978e-15
4.295	8.28818e-15
4.3	8.2786e-15
4.305	8.26903e-15
4.31	8.25948e-15
4.315	8.24997e-15
4.32	8.24047e-15
4.325	8.23103e-15
4.33	8.22152e-15
4.335	8.21211e-15
4.34	8.20268e-15
4.345	8.1933e-15
4.35	8.18397e-15
4.355	8.17462e-15
4.36	8.16524e-15
4.365	8.15598e-15
4.37	8.14671e-15
4.375	8.13738e-15
4.38	8.12819e-15
4.385	8.11897e-15
4.39	8.10972e-15
4.395	8.1006e-15
4.4	8.09146e-15
4.405	8.08227e-15
4.41	8.07321e-15
4.415	8.06412e-15
4.42	8.05498e-15
4.425	8.04593e-15
4.43	8.03695e-15
4.435	8.02791e-15
4.44	8.01894e-15
4.445	8.00995e-15
4.45	8.001e-15
4.455	7.99206e-15
4.46	7.98315e-15
4.465	7.97426e-15
4.47	7.96541e-15
4.475	7.95654e-15
4.48	7.94773e-15
4.485	7.93891e-15
4.49	7.93009e-15
4.495	7.92133e-15
4.5	7.91257e-15
4.505	7.90384e-15
4.51	7.89512e-15
4.515	7.88643e-15
4.52	7.87778e-15
4.525	7.8691e-15
4.53	7.86046e-15
4.535	7.85185e-15
4.54	7.84323e-15
4.545	7.83468e-15
4.55	7.82609e-15
4.555	7.81755e-15
4.56	7.80904e-15
4.565	7.80058e-15
4.57	7.7921e-15
4.575	7.78357e-15
4.58	7.77512e-15
4.585	7.7667e-15
4.59	7.75832e-15
4.595	7.74994e-15
4.6	7.74153e-15
4.605	7.73322e-15
4.61	7.7248e-15
4.615	7.71649e-15
4.62	7.7082e-15
4.625	7.69994e-15
4.63	7.69167e-15
4.635	7.68341e-15
4.64	7.67517e-15
4.645	7.66698e-15
4.65	7.65874e-15
4.655	7.65062e-15
4.66	7.64245e-15
4.665	7.63431e-15
4.67	7.62623e-15
4.675	7.61806e-15
4.68	7.61001e-15
4.685	7.60192e-15
4.69	7.59388e-15
4.695	7.58583e-15
4.7	7.57778e-15
4.705	7.56984e-15
4.71	7.56185e-15
4.715	7.55382e-15
4.72	7.54592e-15
4.725	7.53793e-15
4.73	7.53005e-15
4.735	7.52209e-15
4.74	7.51427e-15
4.745	7.50637e-15
4.75	7.49854e-15
4.755	7.49069e-15
4.76	7.48285e-15
4.765	7.47507e-15
4.77	7.46731e-15
4.775	7.45951e-15
4.78	7.45173e-15
4.785	7.44401e-15
4.79	7.43633e-15
4.795	7.42858e-15
4.8	7.42091e-15
4.805	7.41322e-15
4.81	7.40558e-15
4.815	7.39797e-15
4.82	7.39032e-15
4.825	7.38273e-15
4.83	7.37506e-15
4.835	7.36754e-15
4.84	7.36001e-15
4.845	7.35238e-15
4.85	7.34489e-15
4.855	7.33738e-15
4.86	7.32986e-15
4.865	7.3224e-15
4.87	7.31495e-15
4.875	7.30747e-15
4.88	7.30004e-15
4.885	7.29257e-15
4.89	7.28517e-15
4.895	7.2778e-15
4.9	7.27044e-15
4.905	7.26305e-15
4.91	7.25571e-15
4.915	7.24838e-15
4.92	7.24105e-15
4.925	7.23376e-15
4.93	7.22649e-15
4.935	7.21919e-15
4.94	7.21194e-15
4.945	7.20473e-15
4.95	7.1975e-15
4.955	7.19028e-15
4.96	7.18308e-15
4.965	7.17589e-15
4.97	7.16868e-15
4.975	7.16156e-15
4.98	7.15438e-15
4.985	7.14724e-15
4.99	7.1402e-15
4.995	7.13307e-15
5	7.12597e-15
5.005	7.11892e-15
5.01	7.11184e-15
5.015	7.10482e-15
5.02	7.09778e-15
5.025	7.09074e-15
5.03	7.08381e-15
5.035	7.07676e-15
5.04	7.06981e-15
5.045	7.06285e-15
5.05	7.05588e-15
5.055	7.04897e-15
5.06	7.04206e-15
5.065	7.03514e-15
5.07	7.02825e-15
5.075	7.02135e-15
5.08	7.0145e-15
5.085	7.00767e-15
5.09	7.00086e-15
5.095	6.99403e-15
5.1	6.98722e-15
5.105	6.98044e-15
5.11	6.97366e-15
5.115	6.96689e-15
5.12	6.96012e-15
5.125	6.95336e-15
5.13	6.94663e-15
5.135	6.93991e-15
5.14	6.93321e-15
5.145	6.92654e-15
5.15	6.91987e-15
5.155	6.91318e-15
5.16	6.90656e-15
5.165	6.89992e-15
5.17	6.89331e-15
5.175	6.88664e-15
5.18	6.88008e-15
5.185	6.87347e-15
5.19	6.86691e-15
5.195	6.86034e-15
5.2	6.85381e-15
5.205	6.84728e-15
5.21	6.84078e-15
5.215	6.83419e-15
5.22	6.82776e-15
5.225	6.82127e-15
5.23	6.81477e-15
5.235	6.80829e-15
5.24	6.80189e-15
5.245	6.79541e-15
5.25	6.78898e-15
5.255	6.7826e-15
5.26	6.77622e-15
5.265	6.76976e-15
5.27	6.76342e-15
5.275	6.75709e-15
5.28	6.75072e-15
5.285	6.74437e-15
5.29	6.73806e-15
5.295	6.7317e-15
5.3	6.72542e-15
5.305	6.71914e-15
5.31	6.71287e-15
5.315	6.70662e-15
5.32	6.70038e-15
5.325	6.69413e-15
5.33	6.68789e-15
5.335	6.68164e-15
5.34	6.67545e-15
5.345	6.66927e-15
5.35	6.66302e-15
5.355	6.6569e-15
5.36	6.65069e-15
5.365	6.6446e-15
5.37	6.63842e-15
5.375	6.63228e-15
5.38	6.62618e-15
5.385	6.62007e-15
5.39	6.61402e-15
5.395	6.60791e-15
5.4	6.60184e-15
5.405	6.59577e-15
5.41	6.58972e-15
5.415	6.58366e-15
5.42	6.57767e-15
5.425	6.57164e-15
5.43	6.56562e-15
5.435	6.55965e-15
5.44	6.55367e-15
5.445	6.54768e-15
5.45	6.54175e-15
5.455	6.53577e-15
5.46	6.52984e-15
5.465	6.52392e-15
5.47	6.518e-15
5.475	6.51209e-15
5.48	6.50622e-15
5.485	6.50035e-15
5.49	6.49448e-15
5.495	6.48858e-15
5.5	6.48274e-15
5.505	6.47689e-15
5.51	6.47109e-15
5.515	6.46526e-15
5.52	6.45943e-15
5.525	6.45365e-15
5.53	6.44789e-15
5.535	6.44207e-15
5.54	6.43634e-15
5.545	6.43051e-15
5.55	6.42477e-15
5.555	6.41907e-15
5.56	6.41333e-15
5.565	6.40762e-15
5.57	6.4019e-15
5.575	6.39622e-15
5.58	6.39052e-15
5.585	6.38485e-15
5.59	6.37924e-15
5.595	6.37359e-15
5.6	6.36791e-15
5.605	6.36228e-15
5.61	6.35662e-15
5.615	6.35106e-15
5.62	6.34542e-15
5.625	6.33984e-15
5.63	6.33429e-15
5.635	6.32866e-15
5.64	6.32315e-15
5.645	6.31757e-15
5.65	6.31202e-15
5.655	6.30648e-15
5.66	6.30098e-15
5.665	6.29545e-15
5.67	6.28995e-15
5.675	6.28444e-15
5.68	6.27895e-15
5.685	6.27346e-15
5.69	6.26802e-15
5.695	6.26255e-15
5.7	6.25715e-15
5.705	6.25167e-15
5.71	6.24626e-15
5.715	6.24082e-15
5.72	6.23543e-15
5.725	6.23005e-15
5.73	6.22465e-15
5.735	6.21924e-15
5.74	6.21391e-15
5.745	6.20855e-15
5.75	6.20317e-15
5.755	6.19787e-15
5.76	6.19249e-15
5.765	6.18716e-15
5.77	6.18184e-15
5.775	6.17655e-15
5.78	6.17125e-15
5.785	6.16599e-15
5.79	6.16068e-15
5.795	6.15543e-15
5.8	6.15016e-15
5.805	6.14488e-15
5.81	6.13965e-15
5.815	6.13443e-15
5.82	6.12922e-15
5.825	6.12401e-15
5.83	6.11878e-15
5.835	6.11359e-15
5.84	6.10842e-15
5.845	6.10324e-15
5.85	6.09806e-15
5.855	6.09289e-15
5.86	6.08776e-15
5.865	6.08258e-15
5.87	6.07747e-15
5.875	6.07235e-15
5.88	6.06723e-15
5.885	6.06211e-15
5.89	6.05701e-15
5.895	6.05189e-15
5.9	6.04685e-15
5.905	6.04177e-15
5.91	6.03666e-15
5.915	6.03164e-15
5.92	6.0266e-15
5.925	6.02156e-15
5.93	6.01653e-15
5.935	6.01147e-15
5.94	6.00651e-15
5.945	6.00146e-15
5.95	5.99646e-15
5.955	5.99146e-15
5.96	5.98649e-15
5.965	5.98156e-15
5.97	5.97658e-15
5.975	5.97161e-15
5.98	5.96667e-15
5.985	5.96176e-15
5.99	5.95679e-15
5.995	5.95187e-15
6	5.94694e-15
6.005	5.94203e-15
6.01	5.93716e-15
6.015	5.93226e-15
6.02	5.92737e-15
6.025	5.92248e-15
6.03	5.91762e-15
6.035	5.91276e-15
6.04	5.90796e-15
6.045	5.90311e-15
6.05	5.89824e-15
6.055	5.89345e-15
6.06	5.88863e-15
6.065	5.88384e-15
6.07	5.879e-15
6.075	5.87424e-15
6.08	5.86944e-15
6.085	5.86467e-15
6.09	5.85989e-15
6.095	5.85513e-15
6.1	5.85036e-15
6.105	5.84562e-15
6.11	5.84089e-15
6.115	5.83615e-15
6.12	5.83142e-15
6.125	5.82674e-15
6.13	5.82199e-15
6.135	5.81729e-15
6.14	5.81262e-15
6.145	5.80794e-15
6.15	5.80325e-15
6.155	5.79858e-15
6.16	5.79391e-15
6.165	5.78927e-15
6.17	5.78462e-15
6.175	5.77999e-15
6.18	5.77535e-15
6.185	5.77072e-15
6.19	5.76609e-15
6.195	5.76151e-15
6.2	5.75691e-15
6.205	5.75232e-15
6.21	5.74772e-15
6.215	5.74314e-15
6.22	5.73852e-15
6.225	5.73403e-15
6.23	5.72941e-15
6.235	5.7249e-15
6.24	5.72032e-15
6.245	5.71581e-15
6.25	5.71129e-15
6.255	5.70678e-15
6.26	5.70227e-15
6.265	5.69774e-15
6.27	5.69327e-15
6.275	5.68878e-15
6.28	5.68429e-15
6.285	5.67978e-15
6.29	5.67531e-15
6.295	5.67088e-15
6.3	5.66638e-15
6.305	5.66196e-15
6.31	5.65752e-15
6.315	5.65308e-15
6.32	5.64864e-15
6.325	5.64424e-15
6.33	5.63981e-15
6.335	5.63542e-15
6.34	5.63097e-15
6.345	5.62663e-15
6.35	5.62225e-15
6.355	5.61782e-15
6.36	5.61349e-15
6.365	5.60909e-15
6.37	5.60473e-15
6.375	5.60038e-15
6.38	5.59607e-15
6.385	5.59171e-15
6.39	5.5874e-15
6.395	5.58307e-15
6.4	5.57873e-15
6.405	5.57444e-15
6.41	5.57014e-15
6.415	5.56582e-15
6.42	5.56152e-15
6.425	5.55728e-15
6.43	5.553e-15
6.435	5.54868e-15
6.44	5.54444e-15
6.445	5.54016e-15
6.45	5.53593e-15
6.455	5.5317e-15
6.46	5.52742e-15
6.465	5.52322e-15
6.47	5.51898e-15
6.475	5.51477e-15
6.48	5.5106e-15
6.485	5.50634e-15
6.49	5.50219e-15
6.495	5.49797e-15
6.5	5.49381e-15
6.505	5.4896e-15
6.51	5.48546e-15
6.515	5.48126e-15
6.52	5.47714e-15
6.525	5.47296e-15
6.53	5.46882e-15
6.535	5.46469e-15
6.54	5.46055e-15
6.545	5.45641e-15
6.55	5.45229e-15
6.555	5.44815e-15
6.56	5.44404e-15
6.565	5.43999e-15
6.57	5.43588e-15
6.575	5.43176e-15
6.58	5.42766e-15
6.585	5.42359e-15
6.59	5.41956e-15
6.595	5.41547e-15
6.6	5.41141e-15
6.605	5.40736e-15
6.61	5.40332e-15
6.615	5.39926e-15
6.62	5.39526e-15
6.625	5.39122e-15
6.63	5.3872e-15
6.635	5.38315e-15
6.64	5.37914e-15
6.645	5.37513e-15
6.65	5.37114e-15
6.655	5.36716e-15
6.66	5.36321e-15
6.665	5.35916e-15
6.67	5.35523e-15
6.675	5.35125e-15
6.68	5.3473e-15
6.685	5.34333e-15
6.69	5.33936e-15
6.695	5.33542e-15
6.7	5.3315e-15
6.705	5.32756e-15
6.71	5.32364e-15
6.715	5.31973e-15
6.72	5.31584e-15
6.725	5.31187e-15
6.73	5.30801e-15
6.735	5.3041e-15
6.74	5.30022e-15
6.745	5.2963e-15
6.75	5.29245e-15
6.755	5.28858e-15
6.76	5.28469e-15
6.765	5.28083e-15
6.77	5.27697e-15
6.775	5.27312e-15
6.78	5.26929e-15
6.785	5.26543e-15
6.79	5.2616e-15
6.795	5.25776e-15
6.8	5.25396e-15
6.805	5.2501e-15
6.81	5.24629e-15
6.815	5.2425e-15
6.82	5.23868e-15
6.825	5.23494e-15
6.83	5.2311e-15
6.835	5.22734e-15
6.84	5.22358e-15
6.845	5.2198e-15
6.85	5.21599e-15
6.855	5.21228e-15
6.86	5.2085e-15
6.865	5.20476e-15
6.87	5.20101e-15
6.875	5.19724e-15
6.88	5.19351e-15
6.885	5.18977e-15
6.89	5.18607e-15
6.895	5.18235e-15
6.9	5.17866e-15
6.905	5.17495e-15
6.91	5.17123e-15
6.915	5.16753e-15
6.92	5.16382e-15
6.925	5.16018e-15
6.93	5.15648e-15
6.935	5.15283e-15
6.94	5.14911e-15
6.945	5.14547e-15
6.95	5.1418e-15
6.955	5.13816e-15
6.96	5.13453e-15
6.965	5.13087e-15
6.97	5.1272e-15
6.975	5.12358e-15
6.98	5.11996e-15
6.985	5.11632e-15
6.99	5.11275e-15
6.995	5.10912e-15
7	5.10553e-15
7.005	5.10191e-15
7.01	5.0983e-15
7.015	5.0947e-15
7.02	5.09111e-15
7.025	5.08752e-15
7.03	5.08397e-15
7.035	5.08039e-15
7.04	5.07682e-15
7.045	5.07329e-15
7.05	5.06968e-15
7.055	5.06617e-15
7.06	5.0626e-15
7.065	5.05907e-15
7.07	5.05554e-15
7.075	5.05201e-15
7.08	5.04845e-15
7.085	5.04494e-15
7.09	5.04142e-15
7.095	5.03795e-15
7.1	5.0344e-15
7.105	5.03093e-15
7.11	5.02742e-15
7.115	5.02394e-15
7.12	5.02045e-15
7.125	5.01695e-15
7.13	5.01348e-15
7.135	5.01003e-15
7.14	5.00656e-15
7.145	5.00309e-15
7.15	4.99962e-15
7.155	4.99619e-15
7.16	4.99272e-15
7.165	4.98928e-15
7.17	4.98586e-15
7.175	4.98243e-15
7.18	4.97898e-15
7.185	4.97555e-15
7.19	4.97214e-15
7.195	4.96872e-15
7.2	4.96531e-15
7.205	4.96191e-15
7.21	4.95852e-15
7.215	4.95511e-15
7.22	4.95171e-15
7.225	4.94834e-15
7.23	4.94498e-15
7.235	4.94161e-15
7.24	4.93821e-15
7.245	4.93485e-15
7.25	4.9315e-15
7.255	4.92812e-15
7.26	4.92477e-15
7.265	4.92144e-15
7.27	4.91811e-15
7.275	4.91474e-15
7.28	4.91142e-15
7.285	4.90807e-15
7.29	4.90472e-15
7.295	4.90142e-15
7.3	4.89812e-15
7.305	4.89479e-15
7.31	4.89148e-15
7.315	4.8882e-15
7.32	4.88489e-15
7.325	4.8816e-15
7.33	4.87833e-15
7.335	4.87502e-15
7.34	4.87176e-15
7.345	4.86846e-15
7.35	4.86518e-15
7.355	4.86193e-15
7.36	4.85868e-15
7.365	4.85543e-15
7.37	4.85217e-15
7.375	4.84891e-15
7.38	4.84568e-15
7.385	4.84242e-15
7.39	4.83919e-15
7.395	4.83598e-15
7.4	4.83273e-15
7.405	4.8295e-15
7.41	4.82628e-15
7.415	4.82309e-15
7.42	4.81987e-15
7.425	4.81666e-15
7.43	4.81346e-15
7.435	4.81025e-15
7.44	4.80709e-15
7.445	4.80389e-15
7.45	4.80071e-15
7.455	4.79753e-15
7.46	4.79435e-15
7.465	4.79116e-15
7.47	4.788e-15
7.475	4.78485e-15
7.48	4.7817e-15
7.485	4.77853e-15
7.49	4.7754e-15
7.495	4.77221e-15
7.5	4.7691e-15
7.505	4.76596e-15
7.51	4.76282e-15
7.515	4.75971e-15
7.52	4.75656e-15
7.525	4.75345e-15
7.53	4.75032e-15
7.535	4.74721e-15
7.54	4.74409e-15
7.545	4.74099e-15
7.55	4.73791e-15
7.555	4.73483e-15
7.56	4.73172e-15
7.565	4.72862e-15
7.57	4.72555e-15
7.575	4.72245e-15
7.58	4.7194e-15
7.585	4.71633e-15
7.59	4.71326e-15
7.595	4.71017e-15
7.6	4.70712e-15
7.605	4.70407e-15
7.61	4.70103e-15
7.615	4.69799e-15
7.62	4.69497e-15
7.625	4.69192e-15
7.63	4.68888e-15
7.635	4.68583e-15
7.64	4.6828e-15
7.645	4.6798e-15
7.65	4.67678e-15
7.655	4.67378e-15
7.66	4.67074e-15
7.665	4.66775e-15
7.67	4.66474e-15
7.675	4.66172e-15
7.68	4.65874e-15
7.685	4.65578e-15
7.69	4.65277e-15
7.695	4.64977e-15
7.7	4.64679e-15
7.705	4.64382e-15
7.71	4.64086e-15
7.715	4.63787e-15
7.72	4.6349e-15
7.725	4.63195e-15
7.73	4.62898e-15
7.735	4.62603e-15
7.74	4.62308e-15
7.745	4.62015e-15
7.75	4.61721e-15
7.755	4.61425e-15
7.76	4.61134e-15
7.765	4.6084e-15
7.77	4.60548e-15
7.775	4.60256e-15
7.78	4.59961e-15
7.785	4.59671e-15
7.79	4.5938e-15
7.795	4.59092e-15
7.8	4.58801e-15
7.805	4.58507e-15
7.81	4.58221e-15
7.815	4.57932e-15
7.82	4.57642e-15
7.825	4.57352e-15
7.83	4.57066e-15
7.835	4.56778e-15
7.84	4.56493e-15
7.845	4.56204e-15
7.85	4.55918e-15
7.855	4.5563e-15
7.86	4.55343e-15
7.865	4.55057e-15
7.87	4.54773e-15
7.875	4.54489e-15
7.88	4.54204e-15
7.885	4.53921e-15
7.89	4.53638e-15
7.895	4.53355e-15
7.9	4.53073e-15
7.905	4.52785e-15
7.91	4.52505e-15
7.915	4.52221e-15
7.92	4.51943e-15
7.925	4.51663e-15
7.93	4.51379e-15
7.935	4.51101e-15
7.94	4.5082e-15
7.945	4.50539e-15
7.95	4.5026e-15
7.955	4.49981e-15
7.96	4.49702e-15
7.965	4.49421e-15
7.97	4.49144e-15
7.975	4.48866e-15
7.98	4.48589e-15
7.985	4.48309e-15
7.99	4.48037e-15
7.995	4.47759e-15
8	4.47485e-15
8.005	4.47207e-15
8.01	4.46931e-15
8.015	4.46657e-15
8.02	4.46382e-15
8.025	4.4611e-15
8.03	4.45835e-15
8.035	4.45563e-15
8.04	4.45286e-15
8.045	4.45016e-15
8.05	4.44742e-15
8.055	4.4447e-15
8.06	4.442e-15
8.065	4.43926e-15
8.07	4.43655e-15
8.075	4.43385e-15
8.08	4.43114e-15
8.085	4.42843e-15
8.09	4.4257e-15
8.095	4.42305e-15
8.1	4.42032e-15
8.105	4.41765e-15
8.11	4.41498e-15
8.115	4.41229e-15
8.12	4.40963e-15
8.125	4.40695e-15
8.13	4.40426e-15
8.135	4.40159e-15
8.14	4.39894e-15
8.145	4.39626e-15
8.15	4.3936e-15
8.155	4.39095e-15
8.16	4.38828e-15
8.165	4.38566e-15
8.17	4.38302e-15
8.175	4.38037e-15
8.18	4.3777e-15
8.185	4.37507e-15
8.19	4.37245e-15
8.195	4.36981e-15
8.2	4.36718e-15
8.205	4.36459e-15
8.21	4.36194e-15
8.215	4.35931e-15
8.22	4.3567e-15
8.225	4.35414e-15
8.23	4.35153e-15
8.235	4.34889e-15
8.24	4.34632e-15
8.245	4.34371e-15
8.25	4.3411e-15
8.255	4.33853e-15
8.26	4.33592e-15
8.265	4.33335e-15
8.27	4.33078e-15
8.275	4.32818e-15
8.28	4.3256e-15
8.285	4.32302e-15
8.29	4.32048e-15
8.295	4.31788e-15
8.3	4.31535e-15
8.305	4.31277e-15
8.31	4.3102e-15
8.315	4.30764e-15
8.32	4.3051e-15
8.325	4.30254e-15
8.33	4.29999e-15
8.335	4.29745e-15
8.34	4.29491e-15
8.345	4.29239e-15
8.35	4.28985e-15
8.355	4.28735e-15
8.36	4.28481e-15
8.365	4.28229e-15
8.37	4.27977e-15
8.375	4.27724e-15
8.38	4.27472e-15
8.385	4.27223e-15
8.39	4.26969e-15
8.395	4.2672e-15
8.4	4.26469e-15
8.405	4.26221e-15
8.41	4.2597e-15
8.415	4.25719e-15
8.42	4.25474e-15
8.425	4.25221e-15
8.43	4.24973e-15
8.435	4.24724e-15
8.44	4.24476e-15
8.445	4.24233e-15
8.45	4.23982e-15
8.455	4.23737e-15
8.46	4.23488e-15
8.465	4.23244e-15
8.47	4.22997e-15
8.475	4.2275e-15
8.48	4.22505e-15
8.485	4.22259e-15
8.49	4.22014e-15
8.495	4.21772e-15
8.5	4.21525e-15
8.505	4.21284e-15
8.51	4.21039e-15
8.515	4.20792e-15
8.52	4.20551e-15
8.525	4.20308e-15
8.53	4.20066e-15
8.535	4.19823e-15
8.54	4.1958e-15
8.545	4.19341e-15
8.55	4.19097e-15
8.555	4.18855e-15
8.56	4.18616e-15
8.565	4.18376e-15
8.57	4.18135e-15
8.575	4.17895e-15
8.58	4.17655e-15
8.585	4.17414e-15
8.59	4.17176e-15
8.595	4.16937e-15
8.6	4.16696e-15
8.605	4.16457e-15
8.61	4.16222e-15
8.615	4.15985e-15
8.62	4.15745e-15
8.625	4.15507e-15
8.63	4.15269e-15
8.635	4.15035e-15
8.64	4.14799e-15
8.645	4.14562e-15
8.65	4.14327e-15
8.655	4.14091e-15
8.66	4.13856e-15
8.665	4.13621e-15
8.67	4.13385e-15
8.675	4.1315e-15
8.68	4.12915e-15
8.685	4.1268e-15
8.69	4.12445e-15
8.695	4.12215e-15
8.7	4.11981e-15
8.705	4.11748e-15
8.71	4.11517e-15
8.715	4.11281e-15
8.72	4.11052e-15
8.725	4.10819e-15
8.73	4.10587e-15
8.735	4.10356e-15
8.74	4.10122e-15
8.745	4.09892e-15
8.75	4.09664e-15
8.755	4.0943e-15
8.76	4.09205e-15
8.765	4.08974e-15
8.77	4.08743e-15
8.775	4.08513e-15
8.78	4.08285e-15
8.785	4.08055e-15
8.79	4.07826e-15
8.795	4.076e-15
8.8	4.07371e-15
8.805	4.07143e-15
8.81	4.06916e-15
8.815	4.06689e-15
8.82	4.06462e-15
8.825	4.06233e-15
8.83	4.06008e-15
8.835	4.05781e-15
8.84	4.05558e-15
8.845	4.05329e-15
8.85	4.05106e-15
8.855	4.0488e-15
8.86	4.04658e-15
8.865	4.04431e-15
8.87	4.04207e-15
8.875	4.03984e-15
8.88	4.0376e-15
8.885	4.03535e-15
8.89	4.03313e-15
8.895	4.03087e-15
8.9	4.02863e-15
8.905	4.02642e-15
8.91	4.02419e-15
8.915	4.022e-15
8.92	4.01977e-15
8.925	4.01755e-15
8.93	4.01533e-15
8.935	4.01311e-15
8.94	4.0109e-15
8.945	4.00871e-15
8.95	4.0065e-15
8.955	4.0043e-15
8.96	4.00211e-15
8.965	3.99991e-15
8.97	3.99769e-15
8.975	3.99551e-15
8.98	3.99332e-15
8.985	3.99114e-15
8.99	3.98897e-15
8.995	3.98677e-15
9	3.98459e-15
9.005	3.98244e-15
9.01	3.98027e-15
9.015	3.97806e-15
9.02	3.9759e-15
9.025	3.97374e-15
9.03	3.97158e-15
9.035	3.96941e-15
9.04	3.96726e-15
9.045	3.96509e-15
9.05	3.96292e-15
9.055	3.96077e-15
9.06	3.95863e-15
9.065	3.95648e-15
9.07	3.95434e-15
9.075	3.95221e-15
9.08	3.95004e-15
9.085	3.94793e-15
9.09	3.94575e-15
9.095	3.94365e-15
9.1	3.9415e-15
9.105	3.93938e-15
9.11	3.93726e-15
9.115	3.93513e-15
9.12	3.93303e-15
9.125	3.93091e-15
9.13	3.92878e-15
9.135	3.92666e-15
9.14	3.92456e-15
9.145	3.92243e-15
9.15	3.92033e-15
9.155	3.91823e-15
9.16	3.91611e-15
9.165	3.91401e-15
9.17	3.91192e-15
9.175	3.9098e-15
9.18	3.9077e-15
9.185	3.90562e-15
9.19	3.90356e-15
9.195	3.90146e-15
9.2	3.89938e-15
9.205	3.89727e-15
9.21	3.89521e-15
9.215	3.89312e-15
9.22	3.89104e-15
9.225	3.88898e-15
9.23	3.8869e-15
9.235	3.88484e-15
9.24	3.88276e-15
9.245	3.8807e-15
9.25	3.87864e-15
9.255	3.87657e-15
9.26	3.87452e-15
9.265	3.87246e-15
9.27	3.87041e-15
9.275	3.86836e-15
9.28	3.8663e-15
9.285	3.86428e-15
9.29	3.8622e-15
9.295	3.86017e-15
9.3	3.85814e-15
9.305	3.85608e-15
9.31	3.85405e-15
9.315	3.85201e-15
9.32	3.84999e-15
9.325	3.84795e-15
9.33	3.84594e-15
9.335	3.84392e-15
9.34	3.84187e-15
9.345	3.83985e-15
9.35	3.83785e-15
9.355	3.83582e-15
9.36	3.83381e-15
9.365	3.83178e-15
9.37	3.82978e-15
9.375	3.82777e-15
9.38	3.82579e-15
9.385	3.82376e-15
9.39	3.82177e-15
9.395	3.81975e-15
9.4	3.81776e-15
9.405	3.81576e-15
9.41	3.8138e-15
9.415	3.81179e-15
9.42	3.8098e-15
9.425	3.8078e-15
9.43	3.80583e-15
9.435	3.80385e-15
9.44	3.80189e-15
9.445	3.79987e-15
9.45	3.79791e-15
9.455	3.79594e-15
9.46	3.79399e-15
9.465	3.79201e-15
9.47	3.79003e-15
9.475	3.78806e-15
9.48	3.78611e-15
9.485	3.78415e-15
9.49	3.78219e-15
9.495	3.78022e-15
9.5	3.77827e-15
9.505	3.77629e-15
9.51	3.77437e-15
9.515	3.77243e-15
9.52	3.77049e-15
9.525	3.76852e-15
9.53	3.76659e-15
9.535	3.76462e-15
9.54	3.76268e-15
9.545	3.76075e-15
9.55	3.75882e-15
9.555	3.7569e-15
9.56	3.75497e-15
9.565	3.75303e-15
9.57	3.7511e-15
9.575	3.74918e-15
9.58	3.74725e-15
9.585	3.74532e-15
9.59	3.7434e-15
9.595	3.74149e-15
9.6	3.73958e-15
9.605	3.73765e-15
9.61	3.73578e-15
9.615	3.73384e-15
9.62	3.73195e-15
9.625	3.73003e-15
9.63	3.72814e-15
9.635	3.72624e-15
9.64	3.72434e-15
9.645	3.72242e-15
9.65	3.72054e-15
9.655	3.71864e-15
9.66	3.71675e-15
9.665	3.71487e-15
9.67	3.71298e-15
9.675	3.71109e-15
9.68	3.70923e-15
9.685	3.70733e-15
9.69	3.70546e-15
9.695	3.70357e-15
9.7	3.70169e-15
9.705	3.69982e-15
9.71	3.69796e-15
9.715	3.69608e-15
9.72	3.69421e-15
9.725	3.69235e-15
9.73	3.6905e-15
9.735	3.68862e-15
9.74	3.68677e-15
9.745	3.68493e-15
9.75	3.68305e-15
9.755	3.6812e-15
9.76	3.67935e-15
9.765	3.6775e-15
9.77	3.67566e-15
9.775	3.67383e-15
9.78	3.67195e-15
9.785	3.67013e-15
9.79	3.66828e-15
9.795	3.66644e-15
9.8	3.6646e-15
9.805	3.66275e-15
9.81	3.66093e-15
9.815	3.65909e-15
9.82	3.65727e-15
9.825	3.65543e-15
9.83	3.65361e-15
9.835	3.65179e-15
9.84	3.64998e-15
9.845	3.64814e-15
9.85	3.64633e-15
9.855	3.64451e-15
9.86	3.64268e-15
9.865	3.6409e-15
9.87	3.63907e-15
9.875	3.63726e-15
9.88	3.63545e-15
9.885	3.63365e-15
9.89	3.63184e-15
9.895	3.63005e-15
9.9	3.62823e-15
9.905	3.62645e-15
9.91	3.62464e-15
9.915	3.62285e-15
9.92	3.62106e-15
9.925	3.61928e-15
9.93	3.61749e-15
9.935	3.6157e-15
9.94	3.6139e-15
9.945	3.61211e-15
9.95	3.61035e-15
9.955	3.60855e-15
9.96	3.60678e-15
9.965	3.605e-15
9.97	3.60322e-15
9.975	3.60146e-15
9.98	3.59967e-15
9.985	3.59793e-15
9.99	3.59613e-15
9.995	3.59439e-15
10	3.59263e-15
