/*--------------------------------*- C++ -*----------------------------------*\
| =========                 |                                                 |
| \\      /  F ield         | OpenFOAM: The Open Source CFD Toolbox           |
|  \\    /   O peration     | Version:  2.3.0                                 |
|   \\  /    A nd           | Web:      www.OpenFOAM.org                      |
|    \\/     M anipulation  |                                                 |
\*---------------------------------------------------------------------------*/
FoamFile
{
    version     2.0;
    format      ascii;
    class       vectorField;
    location    "1.1/polyMesh";
    object      points;
}
// * * * * * * * * * * * * * * * * * * * * * * * * * * * * * * * * * * * * * //


125
(
(0 0 0)
(100 0 0)
(0 1 0)
(100 1 0)
(0 0 100)
(100 0 100)
(0 1 100)
(100 1 100)
(50 0.5 50)
(50 0 0)
(0 0.5 0)
(0 0 50)
(100 0.5 0)
(100 0 50)
(50 1 0)
(0 1 50)
(100 1 50)
(50 0 100)
(0 0.5 100)
(100 0.5 100)
(50 1 100)
(50 1 50)
(0 0.5 50)
(100 0.5 50)
(50 0 50)
(50 0.5 0)
(50 0.5 100)
(25 0.25 25)
(75 0.25 25)
(25 0.75 25)
(75 0.75 25)
(25 0.25 75)
(75 0.25 75)
(25 0.75 75)
(75 0.75 75)
(25 0 0)
(0 0.25 0)
(0 0 25)
(75 0 0)
(100 0.25 0)
(100 0 25)
(0 0.75 0)
(25 1 0)
(0 1 25)
(100 0.75 0)
(75 1 0)
(100 1 25)
(0 0 75)
(25 0 100)
(0 0.25 100)
(100 0 75)
(75 0 100)
(100 0.25 100)
(0 1 75)
(0 0.75 100)
(25 1 100)
(100 1 75)
(100 0.75 100)
(75 1 100)
(50 0.75 50)
(25 0.5 50)
(75 0.5 50)
(50 0.25 50)
(50 0.5 25)
(50 0.5 75)
(50 0 25)
(50 0.25 0)
(0 0.5 25)
(25 0.5 0)
(0 0.25 50)
(25 0 50)
(100 0.5 25)
(75 0.5 0)
(100 0.25 50)
(75 0 50)
(50 1 25)
(50 0.75 0)
(25 1 50)
(0 0.75 50)
(75 1 50)
(100 0.75 50)
(50 0 75)
(50 0.25 100)
(0 0.5 75)
(25 0.5 100)
(100 0.5 75)
(75 0.5 100)
(50 1 75)
(50 0.75 100)
(50 0.25 25)
(25 0.5 25)
(25 0.25 50)
(75 0.5 25)
(75 0.25 50)
(50 0.75 25)
(25 0.75 50)
(75 0.75 50)
(50 0.25 75)
(25 0.5 75)
(75 0.5 75)
(50 0.75 75)
(25 1 25)
(0 0.25 25)
(100 0.25 25)
(25 0 25)
(25 1 75)
(75 1 75)
(75 1 25)
(0 0.25 75)
(0 0.75 75)
(0 0.75 25)
(100 0.75 25)
(100 0.75 75)
(100 0.25 75)
(75 0 25)
(75 0 75)
(25 0 75)
(25 0.25 0)
(25 0.75 0)
(75 0.75 0)
(75 0.25 0)
(25 0.25 100)
(75 0.25 100)
(75 0.75 100)
(25 0.75 100)
)


// ************************************************************************* //
