/*--------------------------------*- C++ -*----------------------------------*\
| =========                 |                                                 |
| \\      /  F ield         | OpenFOAM: The Open Source CFD Toolbox           |
|  \\    /   O peration     | Version:  2.3.0                                 |
|   \\  /    A nd           | Web:      www.OpenFOAM.org                      |
|    \\/     M anipulation  |                                                 |
\*---------------------------------------------------------------------------*/
FoamFile
{
    version     2.0;
    format      ascii;
    class       faceList;
    location    "0.3/polyMesh";
    object      faces;
}
// * * * * * * * * * * * * * * * * * * * * * * * * * * * * * * * * * * * * * //


240
(
4(104 35 117 27)
4(117 36 102 27)
4(102 37 104 27)
4(120 38 114 28)
4(103 39 120 28)
4(114 40 103 28)
4(110 41 118 29)
4(118 42 101 29)
4(101 43 110 29)
4(119 44 111 30)
4(107 45 119 30)
4(111 46 107 30)
4(116 47 108 31)
4(121 48 116 31)
4(108 49 121 31)
4(113 50 115 32)
4(115 51 122 32)
4(122 52 113 32)
4(109 53 105 33)
4(124 54 109 33)
4(105 55 124 33)
4(106 56 112 34)
4(112 57 123 34)
4(123 58 106 34)
4(90 27 91 60)
4(91 27 89 62)
4(89 27 90 63)
4(8 62 89 63)
4(8 63 90 60)
4(8 60 91 62)
4(104 65 89 27)
4(117 27 89 66)
4(9 66 89 65)
4(102 27 90 67)
4(117 68 90 27)
4(10 67 90 68)
4(102 69 91 27)
4(104 27 91 70)
4(11 70 91 69)
4(22 60 90 67)
4(22 69 91 60)
4(24 65 89 62)
4(24 62 91 70)
4(25 63 89 66)
4(25 68 90 63)
4(93 28 92 61)
4(89 28 93 62)
4(92 28 89 63)
4(8 61 92 63)
4(8 62 93 61)
4(114 28 89 65)
4(120 66 89 28)
4(103 71 92 28)
4(120 28 92 72)
4(12 72 92 71)
4(103 28 93 73)
4(114 74 93 28)
4(13 73 93 74)
4(23 71 92 61)
4(23 61 93 73)
4(24 74 93 62)
4(25 63 92 72)
4(95 59 94 29)
4(95 29 90 60)
4(90 29 94 63)
4(8 63 94 59)
4(8 59 95 60)
4(110 67 90 29)
4(118 29 90 68)
4(101 29 94 75)
4(118 76 94 29)
4(14 75 94 76)
4(101 77 95 29)
4(110 29 95 78)
4(15 78 95 77)
4(21 59 94 75)
4(21 77 95 59)
4(22 60 95 78)
4(25 76 94 63)
4(96 30 94 59)
4(96 61 92 30)
4(94 30 92 63)
4(8 61 96 59)
4(111 30 92 71)
4(92 30 119 72)
4(107 75 94 30)
4(119 30 94 76)
4(107 30 96 79)
4(111 80 96 30)
4(16 79 96 80)
4(21 59 96 79)
4(23 80 96 61)
4(91 31 98 60)
4(97 31 91 62)
4(98 31 97 64)
4(8 64 97 62)
4(8 60 98 64)
4(108 31 91 69)
4(116 70 91 31)
4(116 31 97 81)
4(121 82 97 31)
4(17 81 97 82)
4(108 83 98 31)
4(121 31 98 84)
4(18 84 98 83)
4(22 83 98 60)
4(24 62 97 81)
4(26 82 97 64)
4(26 64 98 84)
4(99 32 93 61)
4(93 32 97 62)
4(97 32 99 64)
4(8 64 99 61)
4(113 73 93 32)
4(115 32 93 74)
4(115 81 97 32)
4(122 32 97 82)
4(113 32 99 85)
4(122 86 99 32)
4(19 85 99 86)
4(23 61 99 85)
4(26 86 99 64)
4(100 59 95 33)
4(98 33 95 60)
4(100 33 98 64)
4(8 59 100 64)
4(105 33 95 77)
4(95 33 109 78)
4(109 33 98 83)
4(124 84 98 33)
4(105 87 100 33)
4(124 33 100 88)
4(20 88 100 87)
4(21 87 100 59)
4(26 64 100 88)
4(96 59 100 34)
4(96 34 99 61)
4(99 34 100 64)
4(106 79 96 34)
4(112 34 96 80)
4(112 85 99 34)
4(123 34 99 86)
4(106 34 100 87)
4(100 34 123 88)
4(2 43 101 42)
4(0 37 102 36)
4(1 39 103 40)
4(0 35 104 37)
4(6 55 105 53)
4(7 56 106 58)
4(3 45 107 46)
4(4 49 108 47)
4(6 53 109 54)
4(2 41 110 43)
4(3 46 111 44)
4(7 57 112 56)
4(5 50 113 52)
4(1 40 114 38)
4(5 51 115 50)
4(4 47 116 48)
4(15 77 101 43)
4(21 75 101 77)
4(14 42 101 75)
4(11 69 102 37)
4(22 67 102 69)
4(10 36 102 67)
4(12 71 103 39)
4(23 73 103 71)
4(13 40 103 73)
4(9 65 104 35)
4(24 70 104 65)
4(11 37 104 70)
4(20 87 105 55)
4(21 77 105 87)
4(15 53 105 77)
4(16 79 106 56)
4(21 87 106 79)
4(20 58 106 87)
4(14 75 107 45)
4(21 79 107 75)
4(16 46 107 79)
4(18 83 108 49)
4(22 69 108 83)
4(11 47 108 69)
4(15 78 109 53)
4(22 83 109 78)
4(18 54 109 83)
4(10 67 110 41)
4(22 78 110 67)
4(15 43 110 78)
4(16 80 111 46)
4(23 71 111 80)
4(12 44 111 71)
4(19 85 112 57)
4(23 80 112 85)
4(16 56 112 80)
4(13 73 113 50)
4(23 85 113 73)
4(19 52 113 85)
4(13 74 114 40)
4(24 65 114 74)
4(9 38 114 65)
4(17 81 115 51)
4(24 74 115 81)
4(13 50 115 74)
4(11 70 116 47)
4(24 81 116 70)
4(17 48 116 81)
4(0 36 117 35)
4(2 42 118 41)
4(3 44 119 45)
4(1 38 120 39)
4(10 68 117 36)
4(25 66 117 68)
4(9 35 117 66)
4(14 76 118 42)
4(25 68 118 76)
4(10 41 118 68)
4(12 72 119 44)
4(25 76 119 72)
4(14 45 119 76)
4(9 66 120 38)
4(25 72 120 66)
4(12 39 120 72)
4(4 48 121 49)
4(5 52 122 51)
4(7 58 123 57)
4(6 54 124 55)
4(17 82 121 48)
4(26 84 121 82)
4(18 49 121 84)
4(19 86 122 52)
4(26 82 122 86)
4(17 51 122 82)
4(20 88 123 58)
4(26 86 123 88)
4(19 57 123 86)
4(18 84 124 54)
4(26 88 124 84)
4(20 55 124 88)
)


// ************************************************************************* //
