0.005	1
0.01	0.29881
0.015	0.175101
0.02	0.123833
0.025	0.0957881
0.03	0.0781004
0.035	0.0659268
0.04	0.0570365
0.045	0.0502591
0.05	0.0449213
0.055	0.0406085
0.06	0.0370513
0.065	0.0340672
0.07	0.0315279
0.075	0.0293409
0.08	0.0274377
0.085	0.0257663
0.09	0.0242869
0.095	0.0229682
0.1	0.0217853
0.105	0.0207183
0.11	0.0197509
0.115	0.0188699
0.12	0.0180641
0.125	0.0173243
0.13	0.0166427
0.135	0.0160127
0.14	0.0154287
0.145	0.0148858
0.15	0.0143798
0.155	0.0139071
0.16	0.0134645
0.165	0.0130491
0.17	0.0126587
0.175	0.0122909
0.18	0.0119439
0.185	0.011616
0.19	0.0113056
0.195	0.0110113
0.2	0.010732
0.205	0.0104665
0.21	0.0102138
0.215	0.00997304
0.22	0.00974337
0.225	0.00952404
0.23	0.00931437
0.235	0.00911374
0.24	0.00892156
0.245	0.00873733
0.25	0.00856055
0.255	0.00839078
0.26	0.00822762
0.265	0.00807069
0.27	0.00791963
0.275	0.00777412
0.28	0.00763386
0.285	0.00749858
0.29	0.00736801
0.295	0.00724191
0.3	0.00712005
0.305	0.00700223
0.31	0.00688824
0.315	0.00677791
0.32	0.00667106
0.325	0.00656752
0.33	0.00646715
0.335	0.0063698
0.34	0.00627534
0.345	0.00618364
0.35	0.00609459
0.355	0.00600806
0.36	0.00592396
0.365	0.00584218
0.37	0.00576262
0.375	0.00568521
0.38	0.00560985
0.385	0.00553646
0.39	0.00546496
0.395	0.00539529
0.4	0.00532738
0.405	0.00526115
0.41	0.00519655
0.415	0.00513352
0.42	0.005072
0.425	0.00501194
0.43	0.00495328
0.435	0.00489598
0.44	0.00483999
0.445	0.00478527
0.45	0.00473178
0.455	0.00467946
0.46	0.00462829
0.465	0.00457823
0.47	0.00452924
0.475	0.00448129
0.48	0.00443434
0.485	0.00438836
0.49	0.00434333
0.495	0.00429922
0.5	0.00425599
0.505	0.00421363
0.51	0.0041721
0.515	0.00413138
0.52	0.00409144
0.525	0.00405228
0.53	0.00401385
0.535	0.00397615
0.54	0.00393915
0.545	0.00390283
0.55	0.00386718
0.555	0.00383217
0.56	0.00379779
0.565	0.00376402
0.57	0.00373085
0.575	0.00369826
0.58	0.00366623
0.585	0.00363475
0.59	0.00360381
0.595	0.00357339
0.6	0.00354348
0.605	0.00351407
0.61	0.00348514
0.615	0.00345669
0.62	0.00342869
0.625	0.00340115
0.63	0.00337404
0.635	0.00334737
0.64	0.00332111
0.645	0.00329526
0.65	0.00326981
0.655	0.00324475
0.66	0.00322008
0.665	0.00319577
0.67	0.00317183
0.675	0.00314825
0.68	0.00312501
0.685	0.00310212
0.69	0.00307955
0.695	0.00305732
0.7	0.0030354
0.705	0.0030138
0.71	0.0029925
0.715	0.0029715
0.72	0.00295079
0.725	0.00293037
0.73	0.00291023
0.735	0.00289037
0.74	0.00287077
0.745	0.00285144
0.75	0.00283237
0.755	0.00281355
0.76	0.00279498
0.765	0.00277665
0.77	0.00275857
0.775	0.00274071
0.78	0.00272309
0.785	0.00270569
0.79	0.00268851
0.795	0.00267155
0.8	0.00265481
0.805	0.00263827
0.81	0.00262193
0.815	0.0026058
0.82	0.00258987
0.825	0.00257412
0.83	0.00255857
0.835	0.00254321
0.84	0.00252803
0.845	0.00251303
0.85	0.00249821
0.855	0.00248356
0.86	0.00246908
0.865	0.00245477
0.87	0.00244062
0.875	0.00242664
0.88	0.00241282
0.885	0.00239915
0.89	0.00238564
0.895	0.00237228
0.9	0.00235906
0.905	0.002346
0.91	0.00233308
0.915	0.00232029
0.92	0.00230765
0.925	0.00229515
0.93	0.00228278
0.935	0.00227055
0.94	0.00225844
0.945	0.00224646
0.95	0.00223461
0.955	0.00222289
0.96	0.00221128
0.965	0.0021998
0.97	0.00218843
0.975	0.00217719
0.98	0.00216605
0.985	0.00215504
0.99	0.00214413
0.995	0.00213333
1	0.00212264
1.005	0.00211206
1.01	0.00210158
1.015	0.00209121
1.02	0.00208094
1.025	0.00207077
1.03	0.00206069
1.035	0.00205072
1.04	0.00204084
1.045	0.00203106
1.05	0.00202137
1.055	0.00201177
1.06	0.00200226
1.065	0.00199284
1.07	0.00198351
1.075	0.00197427
1.08	0.00196511
1.085	0.00195604
1.09	0.00194705
1.095	0.00193815
1.1	0.00192932
1.105	0.00192058
1.11	0.00191191
1.115	0.00190332
1.12	0.00189481
1.125	0.00188637
1.13	0.00187801
1.135	0.00186973
1.14	0.00186151
1.145	0.00185337
1.15	0.0018453
1.155	0.0018373
1.16	0.00182937
1.165	0.0018215
1.17	0.00181371
1.175	0.00180598
1.18	0.00179831
1.185	0.00179072
1.19	0.00178318
1.195	0.00177571
1.2	0.0017683
1.205	0.00176095
1.21	0.00175366
1.215	0.00174644
1.22	0.00173927
1.225	0.00173216
1.23	0.00172511
1.235	0.00171812
1.24	0.00171118
1.245	0.0017043
1.25	0.00169747
1.255	0.0016907
1.26	0.00168398
1.265	0.00167732
1.27	0.00167071
1.275	0.00166415
1.28	0.00165764
1.285	0.00165118
1.29	0.00164477
1.295	0.00163841
1.3	0.00163211
1.305	0.00162584
1.31	0.00161963
1.315	0.00161347
1.32	0.00160735
1.325	0.00160128
1.33	0.00159525
1.335	0.00158927
1.34	0.00158333
1.345	0.00157744
1.35	0.00157159
1.355	0.00156579
1.36	0.00156002
1.365	0.0015543
1.37	0.00154863
1.375	0.00154299
1.38	0.00153739
1.385	0.00153184
1.39	0.00152632
1.395	0.00152085
1.4	0.00151541
1.405	0.00151001
1.41	0.00150465
1.415	0.00149933
1.42	0.00149405
1.425	0.0014888
1.43	0.00148359
1.435	0.00147842
1.44	0.00147328
1.445	0.00146818
1.45	0.00146311
1.455	0.00145808
1.46	0.00145308
1.465	0.00144812
1.47	0.00144319
1.475	0.00143829
1.48	0.00143343
1.485	0.0014286
1.49	0.0014238
1.495	0.00141904
1.5	0.0014143
1.505	0.0014096
1.51	0.00140493
1.515	0.00140029
1.52	0.00139568
1.525	0.0013911
1.53	0.00138655
1.535	0.00138203
1.54	0.00137754
1.545	0.00137308
1.55	0.00136865
1.555	0.00136425
1.56	0.00135987
1.565	0.00135552
1.57	0.00135121
1.575	0.00134691
1.58	0.00134265
1.585	0.00133841
1.59	0.0013342
1.595	0.00133002
1.6	0.00132586
1.605	0.00132172
1.61	0.00131762
1.615	0.00131354
1.62	0.00130948
1.625	0.00130545
1.63	0.00130144
1.635	0.00129746
1.64	0.0012935
1.645	0.00128957
1.65	0.00128566
1.655	0.00128178
1.66	0.00127791
1.665	0.00127407
1.67	0.00127026
1.675	0.00126647
1.68	0.00126269
1.685	0.00125895
1.69	0.00125522
1.695	0.00125152
1.7	0.00124783
1.705	0.00124417
1.71	0.00124054
1.715	0.00123692
1.72	0.00123332
1.725	0.00122975
1.73	0.00122619
1.735	0.00122266
1.74	0.00121914
1.745	0.00121565
1.75	0.00121217
1.755	0.00120872
1.76	0.00120528
1.765	0.00120187
1.77	0.00119847
1.775	0.0011951
1.78	0.00119174
1.785	0.0011884
1.79	0.00118508
1.795	0.00118178
1.8	0.0011785
1.805	0.00117523
1.81	0.00117198
1.815	0.00116876
1.82	0.00116554
1.825	0.00116235
1.83	0.00115917
1.835	0.00115602
1.84	0.00115287
1.845	0.00114975
1.85	0.00114664
1.855	0.00114355
1.86	0.00114048
1.865	0.00113742
1.87	0.00113438
1.875	0.00113135
1.88	0.00112834
1.885	0.00112535
1.89	0.00112237
1.895	0.00111941
1.9	0.00111647
1.905	0.00111354
1.91	0.00111062
1.915	0.00110772
1.92	0.00110484
1.925	0.00110197
1.93	0.00109911
1.935	0.00109627
1.94	0.00109345
1.945	0.00109064
1.95	0.00108784
1.955	0.00108506
1.96	0.00108229
1.965	0.00107954
1.97	0.0010768
1.975	0.00107407
1.98	0.00107136
1.985	0.00106866
1.99	0.00106598
1.995	0.00106331
2	0.00106065
2.005	0.00105801
2.01	0.00105537
2.015	0.00105276
2.02	0.00105015
2.025	0.00104756
2.03	0.00104498
2.035	0.00104241
2.04	0.00103986
2.045	0.00103732
2.05	0.00103479
2.055	0.00103227
2.06	0.00102977
2.065	0.00102727
2.07	0.00102479
2.075	0.00102232
2.08	0.00101987
2.085	0.00101742
2.09	0.00101499
2.095	0.00101257
2.1	0.00101016
2.105	0.00100776
2.11	0.00100537
2.115	0.001003
2.12	0.00100063
2.125	0.000998277
2.13	0.000995935
2.135	0.000993603
2.14	0.000991283
2.145	0.000988973
2.15	0.000986674
2.155	0.000984386
2.16	0.000982108
2.165	0.000979841
2.17	0.000977584
2.175	0.000975338
2.18	0.000973102
2.185	0.000970876
2.19	0.000968661
2.195	0.000966455
2.2	0.00096426
2.205	0.000962074
2.21	0.000959899
2.215	0.000957733
2.22	0.000955577
2.225	0.000953431
2.23	0.000951294
2.235	0.000949167
2.24	0.00094705
2.245	0.000944942
2.25	0.000942843
2.255	0.000940754
2.26	0.000938674
2.265	0.000936603
2.27	0.000934541
2.275	0.000932488
2.28	0.000930445
2.285	0.00092841
2.29	0.000926384
2.295	0.000924367
2.3	0.000922359
2.305	0.000920359
2.31	0.000918369
2.315	0.000916386
2.32	0.000914413
2.325	0.000912448
2.33	0.000910491
2.335	0.000908543
2.34	0.000906603
2.345	0.000904671
2.35	0.000902747
2.355	0.000900832
2.36	0.000898925
2.365	0.000897026
2.37	0.000895135
2.375	0.000893252
2.38	0.000891377
2.385	0.000889509
2.39	0.00088765
2.395	0.000885798
2.4	0.000883954
2.405	0.000882118
2.41	0.000880289
2.415	0.000878468
2.42	0.000876654
2.425	0.000874848
2.43	0.00087305
2.435	0.000871258
2.44	0.000869475
2.445	0.000867698
2.45	0.000865929
2.455	0.000864167
2.46	0.000862412
2.465	0.000860664
2.47	0.000858923
2.475	0.000857189
2.48	0.000855463
2.485	0.000853743
2.49	0.00085203
2.495	0.000850324
2.5	0.000848625
2.505	0.000846933
2.51	0.000845247
2.515	0.000843568
2.52	0.000841896
2.525	0.000840231
2.53	0.000838572
2.535	0.000836919
2.54	0.000835273
2.545	0.000833634
2.55	0.000832001
2.555	0.000830374
2.56	0.000828754
2.565	0.00082714
2.57	0.000825533
2.575	0.000823931
2.58	0.000822336
2.585	0.000820747
2.59	0.000819164
2.595	0.000817588
2.6	0.000816017
2.605	0.000814452
2.61	0.000812894
2.615	0.000811341
2.62	0.000809794
2.625	0.000808253
2.63	0.000806718
2.635	0.000805189
2.64	0.000803666
2.645	0.000802148
2.65	0.000800637
2.655	0.000799131
2.66	0.00079763
2.665	0.000796135
2.67	0.000794646
2.675	0.000793162
2.68	0.000791684
2.685	0.000790212
2.69	0.000788745
2.695	0.000787283
2.7	0.000785827
2.705	0.000784376
2.71	0.00078293
2.715	0.00078149
2.72	0.000780055
2.725	0.000778626
2.73	0.000777201
2.735	0.000775782
2.74	0.000774368
2.745	0.000772959
2.75	0.000771556
2.755	0.000770157
2.76	0.000768764
2.765	0.000767375
2.77	0.000765992
2.775	0.000764613
2.78	0.00076324
2.785	0.000761871
2.79	0.000760508
2.795	0.000759149
2.8	0.000757795
2.805	0.000756446
2.81	0.000755102
2.815	0.000753762
2.82	0.000752428
2.825	0.000751098
2.83	0.000749772
2.835	0.000748452
2.84	0.000747136
2.845	0.000745825
2.85	0.000744518
2.855	0.000743216
2.86	0.000741918
2.865	0.000740625
2.87	0.000739337
2.875	0.000738053
2.88	0.000736773
2.885	0.000735498
2.89	0.000734227
2.895	0.000732961
2.9	0.000731699
2.905	0.000730441
2.91	0.000729188
2.915	0.000727939
2.92	0.000726694
2.925	0.000725454
2.93	0.000724218
2.935	0.000722986
2.94	0.000721758
2.945	0.000720534
2.95	0.000719315
2.955	0.000718099
2.96	0.000716888
2.965	0.000715681
2.97	0.000714478
2.975	0.000713279
2.98	0.000712084
2.985	0.000710893
2.99	0.000709706
2.995	0.000708523
3	0.000707344
3.005	0.000706169
3.01	0.000704998
3.015	0.00070383
3.02	0.000702667
3.025	0.000701507
3.03	0.000700351
3.035	0.000699199
3.04	0.000698051
3.045	0.000696907
3.05	0.000695766
3.055	0.000694629
3.06	0.000693496
3.065	0.000692366
3.07	0.00069124
3.075	0.000690118
3.08	0.000689
3.085	0.000687885
3.09	0.000686774
3.095	0.000685666
3.1	0.000684562
3.105	0.000683461
3.11	0.000682364
3.115	0.000681271
3.12	0.000680181
3.125	0.000679094
3.13	0.000678011
3.135	0.000676932
3.14	0.000675856
3.145	0.000674783
3.15	0.000673714
3.155	0.000672648
3.16	0.000671585
3.165	0.000670526
3.17	0.00066947
3.175	0.000668418
3.18	0.000667369
3.185	0.000666323
3.19	0.00066528
3.195	0.000664241
3.2	0.000663205
3.205	0.000662172
3.21	0.000661142
3.215	0.000660116
3.22	0.000659093
3.225	0.000658073
3.23	0.000657056
3.235	0.000656042
3.24	0.000655032
3.245	0.000654024
3.25	0.00065302
3.255	0.000652018
3.26	0.00065102
3.265	0.000650025
3.27	0.000649033
3.275	0.000648044
3.28	0.000647058
3.285	0.000646075
3.29	0.000645095
3.295	0.000644118
3.3	0.000643143
3.305	0.000642172
3.31	0.000641204
3.315	0.000640239
3.32	0.000639276
3.325	0.000638317
3.33	0.00063736
3.335	0.000636406
3.34	0.000635456
3.345	0.000634507
3.35	0.000633562
3.355	0.00063262
3.36	0.00063168
3.365	0.000630743
3.37	0.000629809
3.375	0.000628878
3.38	0.00062795
3.385	0.000627024
3.39	0.000626101
3.395	0.000625181
3.4	0.000624263
3.405	0.000623348
3.41	0.000622436
3.415	0.000621526
3.42	0.00062062
3.425	0.000619715
3.43	0.000618814
3.435	0.000617915
3.44	0.000617019
3.445	0.000616125
3.45	0.000615234
3.455	0.000614345
3.46	0.000613459
3.465	0.000612576
3.47	0.000611695
3.475	0.000610817
3.48	0.000609941
3.485	0.000609067
3.49	0.000608197
3.495	0.000607328
3.5	0.000606463
3.505	0.000605599
3.51	0.000604738
3.515	0.00060388
3.52	0.000603024
3.525	0.00060217
3.53	0.000601319
3.535	0.00060047
3.54	0.000599624
3.545	0.00059878
3.55	0.000597939
3.555	0.000597099
3.56	0.000596263
3.565	0.000595428
3.57	0.000594596
3.575	0.000593766
3.58	0.000592939
3.585	0.000592114
3.59	0.000591291
3.595	0.00059047
3.6	0.000589652
3.605	0.000588836
3.61	0.000588022
3.615	0.00058721
3.62	0.000586401
3.625	0.000585594
3.63	0.000584789
3.635	0.000583987
3.64	0.000583186
3.645	0.000582388
3.65	0.000581592
3.655	0.000580798
3.66	0.000580007
3.665	0.000579217
3.67	0.00057843
3.675	0.000577644
3.68	0.000576861
3.685	0.00057608
3.69	0.000575302
3.695	0.000574525
3.7	0.00057375
3.705	0.000572978
3.71	0.000572207
3.715	0.000571439
3.72	0.000570673
3.725	0.000569908
3.73	0.000569146
3.735	0.000568386
3.74	0.000567628
3.745	0.000566872
3.75	0.000566118
3.755	0.000565366
3.76	0.000564616
3.765	0.000563868
3.77	0.000563122
3.775	0.000562378
3.78	0.000561635
3.785	0.000560895
3.79	0.000560157
3.795	0.000559421
3.8	0.000558686
3.805	0.000557954
3.81	0.000557224
3.815	0.000556495
3.82	0.000555768
3.825	0.000555044
3.83	0.000554321
3.835	0.0005536
3.84	0.000552881
3.845	0.000552164
3.85	0.000551448
3.855	0.000550735
3.86	0.000550023
3.865	0.000549313
3.87	0.000548605
3.875	0.000547899
3.88	0.000547195
3.885	0.000546492
3.89	0.000545792
3.895	0.000545093
3.9	0.000544396
3.905	0.0005437
3.91	0.000543007
3.915	0.000542315
3.92	0.000541625
3.925	0.000540937
3.93	0.00054025
3.935	0.000539566
3.94	0.000538883
3.945	0.000538201
3.95	0.000537522
3.955	0.000536844
3.96	0.000536168
3.965	0.000535494
3.97	0.000534821
3.975	0.00053415
3.98	0.000533481
3.985	0.000532813
3.99	0.000532147
3.995	0.000531483
4	0.00053082
4.005	0.000530159
4.01	0.0005295
4.015	0.000528842
4.02	0.000528186
4.025	0.000527532
4.03	0.000526879
4.035	0.000526228
4.04	0.000525578
4.045	0.00052493
4.05	0.000524284
4.055	0.000523639
4.06	0.000522996
4.065	0.000522354
4.07	0.000521714
4.075	0.000521076
4.08	0.000520439
4.085	0.000519804
4.09	0.00051917
4.095	0.000518538
4.1	0.000517907
4.105	0.000517278
4.11	0.00051665
4.115	0.000516024
4.12	0.0005154
4.125	0.000514777
4.13	0.000514155
4.135	0.000513535
4.14	0.000512917
4.145	0.0005123
4.15	0.000511684
4.155	0.00051107
4.16	0.000510457
4.165	0.000509846
4.17	0.000509237
4.175	0.000508628
4.18	0.000508022
4.185	0.000507417
4.19	0.000506813
4.195	0.00050621
4.2	0.000505609
4.205	0.00050501
4.21	0.000504412
4.215	0.000503815
4.22	0.00050322
4.225	0.000502626
4.23	0.000502034
4.235	0.000501442
4.24	0.000500853
4.245	0.000500265
4.25	0.000499678
4.255	0.000499092
4.26	0.000498508
4.265	0.000497925
4.27	0.000497344
4.275	0.000496764
4.28	0.000496185
4.285	0.000495608
4.29	0.000495032
4.295	0.000494457
4.3	0.000493884
4.305	0.000493312
4.31	0.000492741
4.315	0.000492172
4.32	0.000491604
4.325	0.000491038
4.33	0.000490472
4.335	0.000489908
4.34	0.000489345
4.345	0.000488784
4.35	0.000488224
4.355	0.000487665
4.36	0.000487107
4.365	0.000486551
4.37	0.000485996
4.375	0.000485442
4.38	0.00048489
4.385	0.000484338
4.39	0.000483788
4.395	0.00048324
4.4	0.000482692
4.405	0.000482146
4.41	0.000481601
4.415	0.000481057
4.42	0.000480515
4.425	0.000479973
4.43	0.000479433
4.435	0.000478894
4.44	0.000478357
4.445	0.00047782
4.45	0.000477285
4.455	0.000476751
4.46	0.000476218
4.465	0.000475686
4.47	0.000475156
4.475	0.000474627
4.48	0.000474098
4.485	0.000473572
4.49	0.000473046
4.495	0.000472521
4.5	0.000471998
4.505	0.000471476
4.51	0.000470955
4.515	0.000470435
4.52	0.000469916
4.525	0.000469398
4.53	0.000468882
4.535	0.000468366
4.54	0.000467852
4.545	0.000467339
4.55	0.000466827
4.555	0.000466316
4.56	0.000465807
4.565	0.000465298
4.57	0.000464791
4.575	0.000464284
4.58	0.000463779
4.585	0.000463275
4.59	0.000462772
4.595	0.00046227
4.6	0.000461769
4.605	0.000461269
4.61	0.00046077
4.615	0.000460273
4.62	0.000459776
4.625	0.000459281
4.63	0.000458786
4.635	0.000458293
4.64	0.000457801
4.645	0.00045731
4.65	0.00045682
4.655	0.00045633
4.66	0.000455842
4.665	0.000455355
4.67	0.000454869
4.675	0.000454385
4.68	0.000453901
4.685	0.000453418
4.69	0.000452936
4.695	0.000452455
4.7	0.000451976
4.705	0.000451497
4.71	0.000451019
4.715	0.000450542
4.72	0.000450067
4.725	0.000449592
4.73	0.000449118
4.735	0.000448646
4.74	0.000448174
4.745	0.000447703
4.75	0.000447234
4.755	0.000446765
4.76	0.000446297
4.765	0.00044583
4.77	0.000445365
4.775	0.0004449
4.78	0.000444436
4.785	0.000443973
4.79	0.000443511
4.795	0.00044305
4.8	0.00044259
4.805	0.000442131
4.81	0.000441673
4.815	0.000441216
4.82	0.00044076
4.825	0.000440305
4.83	0.000439851
4.835	0.000439397
4.84	0.000438945
4.845	0.000438494
4.85	0.000438043
4.855	0.000437593
4.86	0.000437145
4.865	0.000436697
4.87	0.00043625
4.875	0.000435804
4.88	0.000435359
4.885	0.000434915
4.89	0.000434472
4.895	0.00043403
4.9	0.000433589
4.905	0.000433148
4.91	0.000432709
4.915	0.00043227
4.92	0.000431832
4.925	0.000431395
4.93	0.000430959
4.935	0.000430524
4.94	0.00043009
4.945	0.000429657
4.95	0.000429224
4.955	0.000428793
4.96	0.000428362
4.965	0.000427932
4.97	0.000427503
4.975	0.000427075
4.98	0.000426648
4.985	0.000426221
4.99	0.000425796
4.995	0.000425371
5	0.000424947
5.005	0.000424524
5.01	0.000424102
5.015	0.000423681
5.02	0.00042326
5.025	0.00042284
5.03	0.000422422
5.035	0.000422004
5.04	0.000421587
5.045	0.00042117
5.05	0.000420755
5.055	0.00042034
5.06	0.000419926
5.065	0.000419513
5.07	0.000419101
5.075	0.00041869
5.08	0.000418279
5.085	0.000417869
5.09	0.00041746
5.095	0.000417052
5.1	0.000416645
5.105	0.000416238
5.11	0.000415832
5.115	0.000415427
5.12	0.000415023
5.125	0.00041462
5.13	0.000414217
5.135	0.000413815
5.14	0.000413414
5.145	0.000413014
5.15	0.000412614
5.155	0.000412216
5.16	0.000411818
5.165	0.000411421
5.17	0.000411024
5.175	0.000410628
5.18	0.000410234
5.185	0.000409839
5.19	0.000409446
5.195	0.000409054
5.2	0.000408662
5.205	0.000408271
5.21	0.00040788
5.215	0.000407491
5.22	0.000407102
5.225	0.000406714
5.23	0.000406326
5.235	0.00040594
5.24	0.000405554
5.245	0.000405169
5.25	0.000404784
5.255	0.000404401
5.26	0.000404018
5.265	0.000403635
5.27	0.000403254
5.275	0.000402873
5.28	0.000402493
5.285	0.000402114
5.29	0.000401735
5.295	0.000401357
5.3	0.00040098
5.305	0.000400604
5.31	0.000400228
5.315	0.000399853
5.32	0.000399479
5.325	0.000399105
5.33	0.000398732
5.335	0.00039836
5.34	0.000397988
5.345	0.000397617
5.35	0.000397247
5.355	0.000396878
5.36	0.000396509
5.365	0.000396141
5.37	0.000395773
5.375	0.000395407
5.38	0.000395041
5.385	0.000394675
5.39	0.000394311
5.395	0.000393947
5.4	0.000393583
5.405	0.000393221
5.41	0.000392859
5.415	0.000392497
5.42	0.000392137
5.425	0.000391777
5.43	0.000391417
5.435	0.000391059
5.44	0.000390701
5.445	0.000390343
5.45	0.000389987
5.455	0.000389631
5.46	0.000389275
5.465	0.000388921
5.47	0.000388566
5.475	0.000388213
5.48	0.00038786
5.485	0.000387508
5.49	0.000387157
5.495	0.000386806
5.5	0.000386456
5.505	0.000386106
5.51	0.000385757
5.515	0.000385409
5.52	0.000385061
5.525	0.000384714
5.53	0.000384368
5.535	0.000384022
5.54	0.000383677
5.545	0.000383332
5.55	0.000382988
5.555	0.000382645
5.56	0.000382302
5.565	0.00038196
5.57	0.000381618
5.575	0.000381278
5.58	0.000380937
5.585	0.000380598
5.59	0.000380259
5.595	0.00037992
5.6	0.000379582
5.605	0.000379245
5.61	0.000378909
5.615	0.000378573
5.62	0.000378237
5.625	0.000377902
5.63	0.000377568
5.635	0.000377235
5.64	0.000376902
5.645	0.000376569
5.65	0.000376237
5.655	0.000375906
5.66	0.000375575
5.665	0.000375245
5.67	0.000374916
5.675	0.000374587
5.68	0.000374258
5.685	0.000373931
5.69	0.000373603
5.695	0.000373277
5.7	0.000372951
5.705	0.000372625
5.71	0.0003723
5.715	0.000371976
5.72	0.000371652
5.725	0.000371329
5.73	0.000371006
5.735	0.000370684
5.74	0.000370363
5.745	0.000370042
5.75	0.000369721
5.755	0.000369402
5.76	0.000369082
5.765	0.000368764
5.77	0.000368445
5.775	0.000368128
5.78	0.000367811
5.785	0.000367494
5.79	0.000367178
5.795	0.000366863
5.8	0.000366548
5.805	0.000366233
5.81	0.00036592
5.815	0.000365606
5.82	0.000365294
5.825	0.000364981
5.83	0.00036467
5.835	0.000364359
5.84	0.000364048
5.845	0.000363738
5.85	0.000363428
5.855	0.000363119
5.86	0.000362811
5.865	0.000362503
5.87	0.000362196
5.875	0.000361889
5.88	0.000361582
5.885	0.000361276
5.89	0.000360971
5.895	0.000360666
5.9	0.000360362
5.905	0.000360058
5.91	0.000359755
5.915	0.000359452
5.92	0.00035915
5.925	0.000358848
5.93	0.000358547
5.935	0.000358246
5.94	0.000357946
5.945	0.000357646
5.95	0.000357347
5.955	0.000357048
5.96	0.00035675
5.965	0.000356452
5.97	0.000356155
5.975	0.000355859
5.98	0.000355562
5.985	0.000355267
5.99	0.000354971
5.995	0.000354677
6	0.000354382
6.005	0.000354089
6.01	0.000353795
6.015	0.000353503
6.02	0.00035321
6.025	0.000352919
6.03	0.000352627
6.035	0.000352336
6.04	0.000352046
6.045	0.000351756
6.05	0.000351467
6.055	0.000351178
6.06	0.000350889
6.065	0.000350602
6.07	0.000350314
6.075	0.000350027
6.08	0.00034974
6.085	0.000349454
6.09	0.000349169
6.095	0.000348884
6.1	0.000348599
6.105	0.000348315
6.11	0.000348031
6.115	0.000347748
6.12	0.000347465
6.125	0.000347183
6.13	0.000346901
6.135	0.000346619
6.14	0.000346338
6.145	0.000346058
6.15	0.000345778
6.155	0.000345498
6.16	0.000345219
6.165	0.000344941
6.17	0.000344662
6.175	0.000344385
6.18	0.000344107
6.185	0.00034383
6.19	0.000343554
6.195	0.000343278
6.2	0.000343002
6.205	0.000342727
6.21	0.000342453
6.215	0.000342178
6.22	0.000341905
6.225	0.000341631
6.23	0.000341358
6.235	0.000341086
6.24	0.000340814
6.245	0.000340542
6.25	0.000340271
6.255	0.00034
6.26	0.00033973
6.265	0.00033946
6.27	0.000339191
6.275	0.000338922
6.28	0.000338653
6.285	0.000338385
6.29	0.000338117
6.295	0.00033785
6.3	0.000337583
6.305	0.000337317
6.31	0.000337051
6.315	0.000336785
6.32	0.00033652
6.325	0.000336255
6.33	0.000335991
6.335	0.000335727
6.34	0.000335464
6.345	0.000335201
6.35	0.000334938
6.355	0.000334676
6.36	0.000334414
6.365	0.000334152
6.37	0.000333891
6.375	0.000333631
6.38	0.000333371
6.385	0.000333111
6.39	0.000332851
6.395	0.000332592
6.4	0.000332334
6.405	0.000332076
6.41	0.000331818
6.415	0.000331561
6.42	0.000331304
6.425	0.000331047
6.43	0.000330791
6.435	0.000330535
6.44	0.00033028
6.445	0.000330025
6.45	0.00032977
6.455	0.000329516
6.46	0.000329262
6.465	0.000329009
6.47	0.000328756
6.475	0.000328503
6.48	0.000328251
6.485	0.000327999
6.49	0.000327748
6.495	0.000327497
6.5	0.000327246
6.505	0.000326996
6.51	0.000326746
6.515	0.000326496
6.52	0.000326247
6.525	0.000325998
6.53	0.00032575
6.535	0.000325502
6.54	0.000325254
6.545	0.000325007
6.55	0.00032476
6.555	0.000324514
6.56	0.000324268
6.565	0.000324022
6.57	0.000323777
6.575	0.000323532
6.58	0.000323287
6.585	0.000323043
6.59	0.000322799
6.595	0.000322555
6.6	0.000322312
6.605	0.000322069
6.61	0.000321827
6.615	0.000321585
6.62	0.000321343
6.625	0.000321102
6.63	0.000320861
6.635	0.000320621
6.64	0.00032038
6.645	0.00032014
6.65	0.000319901
6.655	0.000319662
6.66	0.000319423
6.665	0.000319185
6.67	0.000318947
6.675	0.000318709
6.68	0.000318472
6.685	0.000318235
6.69	0.000317998
6.695	0.000317762
6.7	0.000317526
6.705	0.00031729
6.71	0.000317055
6.715	0.00031682
6.72	0.000316586
6.725	0.000316351
6.73	0.000316118
6.735	0.000315884
6.74	0.000315651
6.745	0.000315418
6.75	0.000315186
6.755	0.000314954
6.76	0.000314722
6.765	0.000314491
6.77	0.00031426
6.775	0.000314029
6.78	0.000313798
6.785	0.000313568
6.79	0.000313339
6.795	0.000313109
6.8	0.00031288
6.805	0.000312652
6.81	0.000312423
6.815	0.000312195
6.82	0.000311968
6.825	0.00031174
6.83	0.000311513
6.835	0.000311286
6.84	0.00031106
6.845	0.000310834
6.85	0.000310608
6.855	0.000310383
6.86	0.000310158
6.865	0.000309933
6.87	0.000309709
6.875	0.000309485
6.88	0.000309261
6.885	0.000309038
6.89	0.000308815
6.895	0.000308592
6.9	0.000308369
6.905	0.000308147
6.91	0.000307926
6.915	0.000307704
6.92	0.000307483
6.925	0.000307262
6.93	0.000307042
6.935	0.000306821
6.94	0.000306602
6.945	0.000306382
6.95	0.000306163
6.955	0.000305944
6.96	0.000305725
6.965	0.000305507
6.97	0.000305289
6.975	0.000305071
6.98	0.000304854
6.985	0.000304637
6.99	0.00030442
6.995	0.000304204
7	0.000303988
7.005	0.000303772
7.01	0.000303556
7.015	0.000303341
7.02	0.000303126
7.025	0.000302912
7.03	0.000302697
7.035	0.000302483
7.04	0.00030227
7.045	0.000302056
7.05	0.000301843
7.055	0.000301631
7.06	0.000301418
7.065	0.000301206
7.07	0.000300994
7.075	0.000300783
7.08	0.000300571
7.085	0.00030036
7.09	0.00030015
7.095	0.000299939
7.1	0.000299729
7.105	0.000299519
7.11	0.00029931
7.115	0.000299101
7.12	0.000298892
7.125	0.000298683
7.13	0.000298475
7.135	0.000298267
7.14	0.000298059
7.145	0.000297852
7.15	0.000297645
7.155	0.000297438
7.16	0.000297231
7.165	0.000297025
7.17	0.000296819
7.175	0.000296613
7.18	0.000296408
7.185	0.000296203
7.19	0.000295998
7.195	0.000295793
7.2	0.000295589
7.205	0.000295385
7.21	0.000295181
7.215	0.000294978
7.22	0.000294775
7.225	0.000294572
7.23	0.000294369
7.235	0.000294167
7.24	0.000293965
7.245	0.000293763
7.25	0.000293562
7.255	0.000293361
7.26	0.00029316
7.265	0.000292959
7.27	0.000292759
7.275	0.000292559
7.28	0.000292359
7.285	0.00029216
7.29	0.00029196
7.295	0.000291761
7.3	0.000291563
7.305	0.000291364
7.31	0.000291166
7.315	0.000290968
7.32	0.00029077
7.325	0.000290573
7.33	0.000290376
7.335	0.000290179
7.34	0.000289983
7.345	0.000289786
7.35	0.00028959
7.355	0.000289395
7.36	0.000289199
7.365	0.000289004
7.37	0.000288809
7.375	0.000288614
7.38	0.00028842
7.385	0.000288226
7.39	0.000288032
7.395	0.000287838
7.4	0.000287645
7.405	0.000287452
7.41	0.000287259
7.415	0.000287066
7.42	0.000286874
7.425	0.000286682
7.43	0.00028649
7.435	0.000286299
7.44	0.000286107
7.445	0.000285916
7.45	0.000285725
7.455	0.000285535
7.46	0.000285345
7.465	0.000285155
7.47	0.000284965
7.475	0.000284775
7.48	0.000284586
7.485	0.000284397
7.49	0.000284208
7.495	0.00028402
7.5	0.000283832
7.505	0.000283644
7.51	0.000283456
7.515	0.000283268
7.52	0.000283081
7.525	0.000282894
7.53	0.000282707
7.535	0.000282521
7.54	0.000282335
7.545	0.000282149
7.55	0.000281963
7.555	0.000281777
7.56	0.000281592
7.565	0.000281407
7.57	0.000281222
7.575	0.000281038
7.58	0.000280854
7.585	0.00028067
7.59	0.000280486
7.595	0.000280302
7.6	0.000280119
7.605	0.000279936
7.61	0.000279753
7.615	0.00027957
7.62	0.000279388
7.625	0.000279206
7.63	0.000279024
7.635	0.000278842
7.64	0.000278661
7.645	0.00027848
7.65	0.000278299
7.655	0.000278118
7.66	0.000277938
7.665	0.000277758
7.67	0.000277578
7.675	0.000277398
7.68	0.000277218
7.685	0.000277039
7.69	0.00027686
7.695	0.000276681
7.7	0.000276503
7.705	0.000276324
7.71	0.000276146
7.715	0.000275968
7.72	0.000275791
7.725	0.000275613
7.73	0.000275436
7.735	0.000275259
7.74	0.000275082
7.745	0.000274906
7.75	0.000274729
7.755	0.000274553
7.76	0.000274377
7.765	0.000274202
7.77	0.000274026
7.775	0.000273851
7.78	0.000273676
7.785	0.000273502
7.79	0.000273327
7.795	0.000273153
7.8	0.000272979
7.805	0.000272805
7.81	0.000272632
7.815	0.000272458
7.82	0.000272285
7.825	0.000272112
7.83	0.000271939
7.835	0.000271767
7.84	0.000271595
7.845	0.000271423
7.85	0.000271251
7.855	0.000271079
7.86	0.000270908
7.865	0.000270737
7.87	0.000270566
7.875	0.000270395
7.88	0.000270225
7.885	0.000270054
7.89	0.000269884
7.895	0.000269714
7.9	0.000269545
7.905	0.000269375
7.91	0.000269206
7.915	0.000269037
7.92	0.000268868
7.925	0.0002687
7.93	0.000268531
7.935	0.000268363
7.94	0.000268195
7.945	0.000268027
7.95	0.00026786
7.955	0.000267693
7.96	0.000267525
7.965	0.000267359
7.97	0.000267192
7.975	0.000267025
7.98	0.000266859
7.985	0.000266693
7.99	0.000266527
7.995	0.000266362
8	0.000266196
8.005	0.000266031
8.01	0.000265866
8.015	0.000265701
8.02	0.000265537
8.025	0.000265372
8.03	0.000265208
8.035	0.000265044
8.04	0.00026488
8.045	0.000264717
8.05	0.000264553
8.055	0.00026439
8.06	0.000264227
8.065	0.000264064
8.07	0.000263902
8.075	0.000263739
8.08	0.000263577
8.085	0.000263415
8.09	0.000263253
8.095	0.000263092
8.1	0.00026293
8.105	0.000262769
8.11	0.000262608
8.115	0.000262448
8.12	0.000262287
8.125	0.000262127
8.13	0.000261966
8.135	0.000261806
8.14	0.000261647
8.145	0.000261487
8.15	0.000261328
8.155	0.000261168
8.16	0.000261009
8.165	0.000260851
8.17	0.000260692
8.175	0.000260534
8.18	0.000260375
8.185	0.000260217
8.19	0.000260059
8.195	0.000259902
8.2	0.000259744
8.205	0.000259587
8.21	0.00025943
8.215	0.000259273
8.22	0.000259116
8.225	0.00025896
8.23	0.000258804
8.235	0.000258648
8.24	0.000258492
8.245	0.000258336
8.25	0.00025818
8.255	0.000258025
8.26	0.00025787
8.265	0.000257715
8.27	0.00025756
8.275	0.000257405
8.28	0.000257251
8.285	0.000257097
8.29	0.000256943
8.295	0.000256789
8.3	0.000256635
8.305	0.000256482
8.31	0.000256328
8.315	0.000256175
8.32	0.000256022
8.325	0.000255869
8.33	0.000255717
8.335	0.000255565
8.34	0.000255412
8.345	0.00025526
8.35	0.000255108
8.355	0.000254957
8.36	0.000254805
8.365	0.000254654
8.37	0.000254503
8.375	0.000254352
8.38	0.000254201
8.385	0.000254051
8.39	0.0002539
8.395	0.00025375
8.4	0.0002536
8.405	0.00025345
8.41	0.0002533
8.415	0.000253151
8.42	0.000253002
8.425	0.000252852
8.43	0.000252703
8.435	0.000252555
8.44	0.000252406
8.445	0.000252258
8.45	0.000252109
8.455	0.000251961
8.46	0.000251813
8.465	0.000251666
8.47	0.000251518
8.475	0.000251371
8.48	0.000251223
8.485	0.000251076
8.49	0.000250929
8.495	0.000250783
8.5	0.000250636
8.505	0.00025049
8.51	0.000250344
8.515	0.000250198
8.52	0.000250052
8.525	0.000249906
8.53	0.000249761
8.535	0.000249615
8.54	0.00024947
8.545	0.000249325
8.55	0.00024918
8.555	0.000249036
8.56	0.000248891
8.565	0.000248747
8.57	0.000248603
8.575	0.000248459
8.58	0.000248315
8.585	0.000248171
8.59	0.000248028
8.595	0.000247884
8.6	0.000247741
8.605	0.000247598
8.61	0.000247456
8.615	0.000247313
8.62	0.00024717
8.625	0.000247028
8.63	0.000246886
8.635	0.000246744
8.64	0.000246602
8.645	0.000246461
8.65	0.000246319
8.655	0.000246178
8.66	0.000246037
8.665	0.000245896
8.67	0.000245755
8.675	0.000245614
8.68	0.000245474
8.685	0.000245333
8.69	0.000245193
8.695	0.000245053
8.7	0.000244913
8.705	0.000244773
8.71	0.000244634
8.715	0.000244494
8.72	0.000244355
8.725	0.000244216
8.73	0.000244077
8.735	0.000243939
8.74	0.0002438
8.745	0.000243662
8.75	0.000243523
8.755	0.000243385
8.76	0.000243247
8.765	0.000243109
8.77	0.000242972
8.775	0.000242834
8.78	0.000242697
8.785	0.00024256
8.79	0.000242423
8.795	0.000242286
8.8	0.000242149
8.805	0.000242013
8.81	0.000241876
8.815	0.00024174
8.82	0.000241604
8.825	0.000241468
8.83	0.000241332
8.835	0.000241197
8.84	0.000241061
8.845	0.000240926
8.85	0.000240791
8.855	0.000240656
8.86	0.000240521
8.865	0.000240386
8.87	0.000240252
8.875	0.000240117
8.88	0.000239983
8.885	0.000239849
8.89	0.000239715
8.895	0.000239581
8.9	0.000239447
8.905	0.000239314
8.91	0.000239181
8.915	0.000239047
8.92	0.000238914
8.925	0.000238781
8.93	0.000238649
8.935	0.000238516
8.94	0.000238384
8.945	0.000238251
8.95	0.000238119
8.955	0.000237987
8.96	0.000237855
8.965	0.000237724
8.97	0.000237592
8.975	0.000237461
8.98	0.000237329
8.985	0.000237198
8.99	0.000237067
8.995	0.000236936
9	0.000236806
9.005	0.000236675
9.01	0.000236545
9.015	0.000236414
9.02	0.000236284
9.025	0.000236154
9.03	0.000236025
9.035	0.000235895
9.04	0.000235765
9.045	0.000235636
9.05	0.000235507
9.055	0.000235378
9.06	0.000235249
9.065	0.00023512
9.07	0.000234991
9.075	0.000234863
9.08	0.000234734
9.085	0.000234606
9.09	0.000234478
9.095	0.00023435
9.1	0.000234222
9.105	0.000234094
9.11	0.000233967
9.115	0.000233839
9.12	0.000233712
9.125	0.000233585
9.13	0.000233458
9.135	0.000233331
9.14	0.000233204
9.145	0.000233078
9.15	0.000232951
9.155	0.000232825
9.16	0.000232699
9.165	0.000232573
9.17	0.000232447
9.175	0.000232321
9.18	0.000232196
9.185	0.00023207
9.19	0.000231945
9.195	0.00023182
9.2	0.000231694
9.205	0.00023157
9.21	0.000231445
9.215	0.00023132
9.22	0.000231196
9.225	0.000231071
9.23	0.000230947
9.235	0.000230823
9.24	0.000230699
9.245	0.000230575
9.25	0.000230451
9.255	0.000230328
9.26	0.000230204
9.265	0.000230081
9.27	0.000229958
9.275	0.000229835
9.28	0.000229712
9.285	0.000229589
9.29	0.000229466
9.295	0.000229344
9.3	0.000229221
9.305	0.000229099
9.31	0.000228977
9.315	0.000228855
9.32	0.000228733
9.325	0.000228611
9.33	0.00022849
9.335	0.000228368
9.34	0.000228247
9.345	0.000228126
9.35	0.000228005
9.355	0.000227884
9.36	0.000227763
9.365	0.000227642
9.37	0.000227522
9.375	0.000227401
9.38	0.000227281
9.385	0.000227161
9.39	0.000227041
9.395	0.000226921
9.4	0.000226801
9.405	0.000226681
9.41	0.000226562
9.415	0.000226442
9.42	0.000226323
9.425	0.000226204
9.43	0.000226085
9.435	0.000225966
9.44	0.000225847
9.445	0.000225728
9.45	0.00022561
9.455	0.000225491
9.46	0.000225373
9.465	0.000225255
9.47	0.000225137
9.475	0.000225019
9.48	0.000224901
9.485	0.000224784
9.49	0.000224666
9.495	0.000224549
9.5	0.000224431
9.505	0.000224314
9.51	0.000224197
9.515	0.00022408
9.52	0.000223963
9.525	0.000223847
9.53	0.00022373
9.535	0.000223614
9.54	0.000223498
9.545	0.000223381
9.55	0.000223265
9.555	0.000223149
9.56	0.000223033
9.565	0.000222918
9.57	0.000222802
9.575	0.000222687
9.58	0.000222571
9.585	0.000222456
9.59	0.000222341
9.595	0.000222226
9.6	0.000222111
9.605	0.000221997
9.61	0.000221882
9.615	0.000221767
9.62	0.000221653
9.625	0.000221539
9.63	0.000221425
9.635	0.000221311
9.64	0.000221197
9.645	0.000221083
9.65	0.000220969
9.655	0.000220856
9.66	0.000220742
9.665	0.000220629
9.67	0.000220516
9.675	0.000220403
9.68	0.00022029
9.685	0.000220177
9.69	0.000220064
9.695	0.000219952
9.7	0.000219839
9.705	0.000219727
9.71	0.000219614
9.715	0.000219502
9.72	0.00021939
9.725	0.000219278
9.73	0.000219166
9.735	0.000219055
9.74	0.000218943
9.745	0.000218832
9.75	0.00021872
9.755	0.000218609
9.76	0.000218498
9.765	0.000218387
9.77	0.000218276
9.775	0.000218165
9.78	0.000218055
9.785	0.000217944
9.79	0.000217834
9.795	0.000217723
9.8	0.000217613
9.805	0.000217503
9.81	0.000217393
9.815	0.000217283
9.82	0.000217173
9.825	0.000217064
9.83	0.000216954
9.835	0.000216845
9.84	0.000216735
9.845	0.000216626
9.85	0.000216517
9.855	0.000216408
9.86	0.000216299
9.865	0.000216191
9.87	0.000216082
9.875	0.000215973
9.88	0.000215865
9.885	0.000215757
9.89	0.000215648
9.895	0.00021554
9.9	0.000215432
9.905	0.000215324
9.91	0.000215217
9.915	0.000215109
9.92	0.000215001
9.925	0.000214894
9.93	0.000214787
9.935	0.000214679
9.94	0.000214572
9.945	0.000214465
9.95	0.000214358
9.955	0.000214251
9.96	0.000214145
9.965	0.000214038
9.97	0.000213932
9.975	0.000213825
9.98	0.000213719
9.985	0.000213613
9.99	0.000213507
9.995	0.000213401
10	0.000213295
