0.005	1.75819e-15
0.01	8.84336e-16
0.015	5.9148e-16
0.02	4.97755e-16
0.025	3.94149e-16
0.03	3.35642e-16
0.035	2.82454e-16
0.04	2.80826e-16
0.045	2.71591e-16
0.05	2.42246e-16
0.055	1.7155e-16
0.06	1.91635e-16
0.065	1.69246e-16
0.07	2.2339e-16
0.075	2.14436e-16
0.08	1.88161e-16
0.085	1.46839e-16
0.09	1.85445e-16
0.095	1.36475e-16
0.1	1.07544e-16
0.105	1.08435e-16
0.11	1.3641e-16
0.115	1.02022e-16
0.12	1.14068e-16
0.125	1.70946e-16
0.13	1.11839e-16
0.135	1.34514e-16
0.14	1.2173e-16
0.145	1.06068e-16
0.15	1.47532e-16
0.155	8.7216e-17
0.16	1.2678e-16
0.165	6.53488e-17
0.17	9.18636e-17
0.175	8.71039e-17
0.18	1.27706e-16
0.185	1.03282e-16
0.19	9.4552e-17
0.195	9.05603e-17
0.2	9.23109e-17
0.205	1.22573e-16
0.21	9.06343e-17
0.215	1.01654e-16
0.22	6.91828e-17
0.225	6.42705e-17
0.23	5.38859e-17
0.235	8.03315e-17
0.24	7.8901e-17
0.245	6.18135e-17
0.25	1.04563e-16
0.255	1.34763e-16
0.26	1.34047e-16
0.265	1.22814e-16
0.27	1.42753e-16
0.275	1.10228e-16
0.28	8.47244e-17
0.285	1.20848e-16
0.29	7.37951e-17
0.295	1.23e-16
0.3	9.29236e-17
0.305	5.9694e-17
0.31	7.20701e-17
0.315	1.03443e-16
0.32	9.30943e-17
0.325	8.18091e-17
0.33	7.32751e-17
0.335	7.62902e-17
0.34	5.35714e-17
0.345	7.02632e-17
0.35	1.02433e-16
0.355	9.02948e-17
0.36	5.69623e-17
0.365	5.64299e-17
0.37	5.03943e-17
0.375	7.32748e-17
0.38	4.04865e-17
0.385	5.7141e-17
0.39	6.55295e-17
0.395	5.67014e-17
0.4	5.72882e-17
0.405	5.429e-17
0.41	7.52234e-17
0.415	4.24456e-17
0.42	5.92806e-17
0.425	4.83889e-17
0.43	5.0348e-17
0.435	6.00291e-17
0.44	3.79816e-17
0.445	5.98812e-17
0.45	6.0324e-17
0.455	5.36526e-17
0.46	9.09532e-17
0.465	5.72526e-17
0.47	4.28362e-17
0.475	5.90349e-17
0.48	7.07288e-17
0.485	4.91338e-17
0.49	5.42068e-17
0.495	5.28845e-17
0.5	9.38594e-17
0.505	7.36078e-17
0.51	1.1091e-16
0.515	6.86477e-17
0.52	1.10866e-16
0.525	7.60289e-17
0.53	1.68319e-16
0.535	1.6434e-16
0.54	4.53664e-17
0.545	8.82777e-17
0.55	9.13857e-17
0.555	8.04557e-17
0.56	1.32474e-16
0.565	1.16718e-16
0.57	7.87131e-17
0.575	5.99082e-17
0.58	3.36587e-17
0.585	5.89804e-17
0.59	7.26231e-17
0.595	8.72998e-17
0.6	7.45917e-17
0.605	8.43244e-17
0.61	6.43011e-17
0.615	1.64188e-16
0.62	7.78993e-17
0.625	1.54335e-16
0.63	7.5189e-17
0.635	5.00467e-17
0.64	9.84638e-17
0.645	1.51091e-16
0.65	6.28202e-17
0.655	8.93352e-17
0.66	7.45408e-17
0.665	5.47749e-17
0.67	3.08052e-17
0.675	6.05305e-17
0.68	9.96857e-17
0.685	6.66996e-17
0.69	1.0748e-16
0.695	1.33541e-16
0.7	7.57067e-17
0.705	5.41689e-17
0.71	7.05768e-17
0.715	3.67696e-17
0.72	2.72554e-17
0.725	3.95888e-17
0.73	9.69372e-17
0.735	7.8263e-17
0.74	4.5122e-17
0.745	8.00238e-17
0.75	5.56638e-17
0.755	5.91351e-17
0.76	9.89753e-17
0.765	3.05847e-17
0.77	3.42965e-17
0.775	4.40959e-17
0.78	7.15517e-17
0.785	7.68584e-17
0.79	5.21834e-17
0.795	4.49563e-17
0.8	3.01543e-17
0.805	3.94298e-17
0.81	3.49164e-17
0.815	5.12115e-17
0.82	4.98636e-17
0.825	6.60809e-17
0.83	7.57091e-17
0.835	6.15658e-17
0.84	6.20436e-17
0.845	3.01085e-17
0.85	4.28216e-17
0.855	5.03222e-17
0.86	6.36098e-17
0.865	5.09679e-17
0.87	5.63662e-17
0.875	4.92904e-17
0.88	4.41905e-17
0.885	3.36496e-17
0.89	6.15017e-17
0.895	3.68575e-17
0.9	4.61161e-17
0.905	4.44172e-17
0.91	4.84273e-17
0.915	7.32228e-17
0.92	1.16954e-16
0.925	6.21786e-17
0.93	4.63306e-17
0.935	2.8156e-17
0.94	3.20545e-17
0.945	4.55794e-17
0.95	4.81478e-17
0.955	5.14584e-17
0.96	6.6879e-17
0.965	4.17104e-17
0.97	5.10363e-17
0.975	4.01027e-17
0.98	3.67635e-17
0.985	3.24076e-17
0.99	4.62815e-17
0.995	5.42442e-17
1	6.52176e-17
1.005	5.66315e-17
1.01	7.62675e-17
1.015	8.49991e-17
1.02	9.74935e-17
1.025	7.32674e-17
1.03	7.84745e-17
1.035	1.28452e-16
1.04	6.52319e-17
1.045	4.37091e-17
1.05	9.11574e-17
1.055	1.47128e-16
1.06	4.85418e-17
1.065	6.69913e-17
1.07	7.71677e-17
1.075	6.33293e-17
1.08	8.14607e-17
1.085	3.04255e-17
1.09	1.18252e-16
1.095	3.17054e-17
1.1	9.54628e-17
1.105	8.81672e-17
1.11	9.79992e-17
1.115	7.86707e-17
1.12	6.08293e-17
1.125	8.84378e-17
1.13	4.22024e-17
1.135	4.85101e-17
1.14	4.66292e-17
1.145	4.93006e-17
1.15	7.50682e-17
1.155	8.14116e-17
1.16	8.43196e-17
1.165	7.8903e-17
1.17	3.41724e-17
1.175	1.02034e-16
1.18	3.26299e-17
1.185	6.82307e-17
1.19	6.03779e-17
1.195	1.07795e-16
1.2	5.51543e-17
1.205	6.69254e-17
1.21	7.73965e-17
1.215	6.51929e-17
1.22	1.07384e-16
1.225	9.46317e-17
1.23	5.5046e-17
1.235	3.55847e-17
1.24	7.11728e-17
1.245	4.55702e-17
1.25	6.62745e-17
1.255	8.78132e-17
1.26	4.23313e-17
1.265	9.31346e-17
1.27	4.04755e-17
1.275	3.29224e-17
1.28	9.0634e-17
1.285	6.30671e-17
1.29	8.1187e-17
1.295	7.98596e-17
1.3	5.06659e-17
1.305	9.75674e-17
1.31	3.33315e-17
1.315	1.27752e-16
1.32	7.80809e-17
1.325	3.60453e-17
1.33	8.29941e-17
1.335	3.56337e-17
1.34	5.47831e-17
1.345	5.60956e-17
1.35	4.72832e-17
1.355	8.18019e-17
1.36	5.95189e-17
1.365	1.01491e-16
1.37	5.47839e-17
1.375	6.43117e-17
1.38	5.43988e-17
1.385	4.90269e-17
1.39	7.56598e-17
1.395	4.86742e-17
1.4	8.82232e-17
1.405	3.11372e-17
1.41	1.31193e-16
1.415	5.56177e-17
1.42	5.47805e-17
1.425	5.00311e-17
1.43	3.46121e-17
1.435	6.78882e-17
1.44	4.10772e-17
1.445	3.9235e-17
1.45	9.17332e-17
1.455	1.02794e-16
1.46	3.63586e-17
1.465	5.1565e-17
1.47	6.12085e-17
1.475	5.83562e-17
1.48	7.00212e-17
1.485	3.59818e-17
1.49	4.3298e-17
1.495	4.11632e-17
1.5	1.19772e-16
1.505	6.97521e-17
1.51	4.63779e-17
1.515	6.16078e-17
1.52	5.95929e-17
1.525	1.24738e-16
1.53	7.85142e-17
1.535	3.91653e-17
1.54	3.83512e-17
1.545	5.47283e-17
1.55	4.3775e-17
1.555	7.11264e-17
1.56	8.76427e-17
1.565	6.86369e-17
1.57	7.99259e-17
1.575	5.40781e-17
1.58	3.00557e-17
1.585	8.47255e-17
1.59	4.76682e-17
1.595	4.62223e-17
1.6	5.30924e-17
1.605	3.55305e-17
1.61	3.32279e-17
1.615	6.39229e-17
1.62	3.61995e-17
1.625	3.0371e-17
1.63	4.7482e-17
1.635	3.72245e-17
1.64	5.55851e-17
1.645	5.56593e-17
1.65	4.23188e-17
1.655	4.82543e-17
1.66	4.1978e-17
1.665	7.19133e-17
1.67	3.29254e-17
1.675	3.72907e-17
1.68	4.52567e-17
1.685	2.72926e-17
1.69	5.5636e-17
1.695	4.45548e-17
1.7	3.4513e-17
1.705	4.63866e-17
1.71	3.08114e-17
1.715	4.01691e-17
1.72	3.1172e-17
1.725	5.09274e-17
1.73	6.19429e-17
1.735	5.64407e-17
1.74	4.99668e-17
1.745	5.07953e-17
1.75	7.61637e-17
1.755	2.6065e-17
1.76	3.86895e-17
1.765	3.23048e-17
1.77	5.74273e-17
1.775	3.537e-17
1.78	4.46645e-17
1.785	3.16176e-17
1.79	5.75874e-17
1.795	4.12371e-17
1.8	3.35065e-17
1.805	6.35872e-17
1.81	6.21851e-17
1.815	2.6572e-17
1.82	5.74136e-17
1.825	6.11515e-17
1.83	5.95745e-17
1.835	5.13544e-17
1.84	3.39074e-17
1.845	3.80711e-17
1.85	7.507e-17
1.855	2.48898e-17
1.86	4.31635e-17
1.865	2.41225e-17
1.87	2.92563e-17
1.875	3.55462e-17
1.88	5.07871e-17
1.885	3.15401e-17
1.89	9.40326e-17
1.895	7.17298e-17
1.9	2.83637e-17
1.905	7.45106e-17
1.91	3.48541e-17
1.915	4.75212e-17
1.92	6.22443e-17
1.925	3.82321e-17
1.93	3.13952e-17
1.935	6.00322e-17
1.94	3.63473e-17
1.945	6.73559e-17
1.95	2.83307e-17
1.955	3.76908e-17
1.96	3.83945e-17
1.965	5.47413e-17
1.97	3.85095e-17
1.975	7.64619e-17
1.98	7.78278e-17
1.985	4.94172e-17
1.99	6.2065e-17
1.995	6.58041e-17
2	1.09925e-16
2.005	1.04571e-16
2.01	9.10588e-17
2.015	6.30965e-17
2.02	6.68706e-17
2.025	7.38784e-17
2.03	7.74649e-17
2.035	8.993e-17
2.04	1.3316e-16
2.045	4.22626e-17
2.05	1.47276e-16
2.055	7.46137e-17
2.06	6.38719e-17
2.065	6.3172e-17
2.07	6.02218e-17
2.075	4.70415e-17
2.08	1.0614e-16
2.085	4.30559e-17
2.09	1.34001e-16
2.095	4.67885e-17
2.1	9.40149e-17
2.105	9.74327e-17
2.11	7.11295e-17
2.115	6.19282e-17
2.12	9.3732e-17
2.125	9.11126e-17
2.13	7.92311e-17
2.135	9.25995e-17
2.14	4.40662e-17
2.145	6.79984e-17
2.15	6.43939e-17
2.155	1.22801e-16
2.16	9.16272e-17
2.165	5.04061e-17
2.17	1.11608e-16
2.175	8.09137e-17
2.18	3.63085e-17
2.185	6.68343e-17
2.19	1.47914e-16
2.195	1.07104e-16
2.2	7.80707e-17
2.205	8.62414e-17
2.21	7.6219e-17
2.215	5.92943e-17
2.22	6.3993e-17
2.225	1.10634e-16
2.23	7.18619e-17
2.235	6.71808e-17
2.24	5.8344e-17
2.245	4.52655e-17
2.25	9.97083e-17
2.255	3.83466e-17
2.26	1.07583e-16
2.265	7.09358e-17
2.27	6.73944e-17
2.275	5.78174e-17
2.28	1.27408e-16
2.285	7.20284e-17
2.29	6.70056e-17
2.295	7.96255e-17
2.3	6.51234e-17
2.305	1.66177e-16
2.31	8.09822e-17
2.315	4.07698e-17
2.32	8.39728e-17
2.325	6.42549e-17
2.33	8.33391e-17
2.335	8.79068e-17
2.34	1.17774e-16
2.345	8.92189e-17
2.35	5.26154e-17
2.355	9.04798e-17
2.36	1.51384e-16
2.365	6.65866e-17
2.37	6.15489e-17
2.375	7.38794e-17
2.38	4.27304e-17
2.385	8.3037e-17
2.39	1.79163e-16
2.395	7.7934e-17
2.4	3.62235e-17
2.405	7.61957e-17
2.41	4.8244e-17
2.415	3.56933e-17
2.42	1.00281e-16
2.425	3.08785e-17
2.43	7.40722e-17
2.435	3.12329e-17
2.44	6.88417e-17
2.445	3.24684e-17
2.45	9.13795e-17
2.455	5.33003e-17
2.46	6.69715e-17
2.465	6.70701e-17
2.47	5.90659e-17
2.475	1.00812e-16
2.48	1.4412e-16
2.485	4.96623e-17
2.49	4.36535e-17
2.495	8.87672e-17
2.5	5.39069e-17
2.505	5.68313e-17
2.51	4.65519e-17
2.515	4.9059e-17
2.52	9.32867e-17
2.525	5.95344e-17
2.53	5.45307e-17
2.535	8.40439e-17
2.54	4.71662e-17
2.545	7.67372e-17
2.55	4.54886e-17
2.555	8.34631e-17
2.56	1.50914e-16
2.565	6.43438e-17
2.57	6.10363e-17
2.575	8.71037e-17
2.58	5.80715e-17
2.585	4.33343e-17
2.59	3.65555e-17
2.595	7.34132e-17
2.6	3.19268e-17
2.605	8.02833e-17
2.61	6.02551e-17
2.615	6.16751e-17
2.62	4.15215e-17
2.625	4.99372e-17
2.63	9.08121e-17
2.635	5.8279e-17
2.64	5.25408e-17
2.645	9.16869e-17
2.65	1.0414e-16
2.655	4.80007e-17
2.66	4.79007e-17
2.665	4.35499e-17
2.67	4.23624e-17
2.675	9.362e-17
2.68	6.54488e-17
2.685	8.90865e-17
2.69	3.07814e-17
2.695	1.08004e-16
2.7	1.17275e-16
2.705	4.43636e-17
2.71	7.31426e-17
2.715	1.03114e-16
2.72	6.7312e-17
2.725	6.43686e-17
2.73	4.66559e-17
2.735	7.25838e-17
2.74	3.02743e-17
2.745	4.10913e-17
2.75	1.3253e-16
2.755	4.48663e-17
2.76	4.12646e-17
2.765	9.59265e-17
2.77	1.2086e-16
2.775	4.5828e-17
2.78	5.26273e-17
2.785	4.20389e-17
2.79	6.94162e-17
2.795	5.52079e-17
2.8	3.92273e-17
2.805	1.12771e-16
2.81	6.94076e-17
2.815	4.52879e-17
2.82	9.76386e-17
2.825	6.50549e-17
2.83	4.35048e-17
2.835	5.70441e-17
2.84	5.64158e-17
2.845	6.08194e-17
2.85	6.38245e-17
2.855	5.00678e-17
2.86	8.75161e-17
2.865	9.90734e-17
2.87	9.99201e-17
2.875	3.51089e-17
2.88	7.40945e-17
2.885	8.32342e-17
2.89	7.98434e-17
2.895	3.88986e-17
2.9	6.8206e-17
2.905	1.20456e-16
2.91	5.81917e-17
2.915	4.40262e-17
2.92	5.22711e-17
2.925	3.9427e-17
2.93	4.91305e-17
2.935	2.61297e-17
2.94	4.68478e-17
2.945	4.4846e-17
2.95	5.84979e-17
2.955	3.83708e-17
2.96	4.46856e-17
2.965	9.55804e-17
2.97	3.56374e-17
2.975	8.26367e-17
2.98	4.03906e-17
2.985	2.53807e-17
2.99	5.03454e-17
2.995	8.83349e-17
3	8.08414e-17
3.005	4.27446e-17
3.01	5.44148e-17
3.015	5.2335e-17
3.02	1.28261e-16
3.025	6.31598e-17
3.03	4.83217e-17
3.035	7.59111e-17
3.04	4.94267e-17
3.045	5.87673e-17
3.05	4.56407e-17
3.055	5.53872e-17
3.06	6.83953e-17
3.065	2.7046e-17
3.07	6.35886e-17
3.075	4.1249e-17
3.08	8.02875e-17
3.085	4.25038e-17
3.09	4.00544e-17
3.095	4.35725e-17
3.1	3.1791e-17
3.105	5.3277e-17
3.11	4.69369e-17
3.115	3.39069e-17
3.12	3.9545e-17
3.125	5.88015e-17
3.13	3.42288e-17
3.135	3.87389e-17
3.14	3.00115e-17
3.145	3.81419e-17
3.15	7.04281e-17
3.155	4.55052e-17
3.16	8.9708e-17
3.165	3.81417e-17
3.17	5.88886e-17
3.175	8.88176e-17
3.18	4.61987e-17
3.185	3.94431e-17
3.19	4.22748e-17
3.195	4.96314e-17
3.2	4.44862e-17
3.205	4.67574e-17
3.21	3.72133e-17
3.215	5.76197e-17
3.22	7.79113e-17
3.225	8.00845e-17
3.23	2.58252e-17
3.235	9.50528e-17
3.24	9.988e-17
3.245	4.74006e-17
3.25	4.38773e-17
3.255	1.15675e-16
3.26	6.82005e-17
3.265	5.26333e-17
3.27	4.61653e-17
3.275	3.3861e-17
3.28	3.34252e-17
3.285	1.34343e-17
3.29	4.76231e-17
3.295	4.90273e-17
3.3	3.07146e-17
3.305	3.11402e-17
3.31	8.12116e-17
3.315	3.78423e-17
3.32	3.22332e-17
3.325	2.61246e-17
3.33	3.92545e-17
3.335	4.55245e-17
3.34	7.61892e-17
3.345	2.9501e-17
3.35	3.93625e-17
3.355	5.70046e-17
3.36	4.73087e-17
3.365	2.72568e-17
3.37	3.34489e-17
3.375	8.41147e-17
3.38	5.7761e-17
3.385	6.08325e-17
3.39	8.90316e-17
3.395	6.75218e-17
3.4	3.99473e-17
3.405	5.58693e-17
3.41	5.27164e-17
3.415	5.71475e-17
3.42	3.43777e-17
3.425	3.65515e-17
3.43	3.16336e-17
3.435	4.27278e-17
3.44	8.81606e-17
3.445	4.59198e-17
3.45	4.14504e-17
3.455	3.79368e-17
3.46	4.17265e-17
3.465	4.6344e-17
3.47	3.29578e-17
3.475	3.47176e-17
3.48	3.03613e-17
3.485	5.91549e-17
3.49	2.43036e-17
3.495	2.83771e-17
3.5	2.39157e-17
3.505	3.21957e-17
3.51	6.71977e-17
3.515	3.84146e-17
3.52	2.09384e-17
3.525	2.5969e-17
3.53	8.86919e-17
3.535	5.72631e-17
3.54	3.17192e-17
3.545	1.0037e-16
3.55	4.44511e-17
3.555	3.2693e-17
3.56	4.62025e-17
3.565	7.03447e-17
3.57	3.78763e-17
3.575	9.39097e-17
3.58	7.12923e-17
3.585	3.55558e-17
3.59	4.91419e-17
3.595	4.82167e-17
3.6	4.17277e-17
3.605	7.23138e-17
3.61	3.56663e-17
3.615	3.24063e-17
3.62	5.49285e-17
3.625	4.53829e-17
3.63	1.14396e-16
3.635	4.44427e-17
3.64	2.93185e-17
3.645	3.61978e-17
3.65	4.14221e-17
3.655	3.59048e-17
3.66	4.8246e-17
3.665	2.28918e-17
3.67	2.37915e-17
3.675	7.91824e-17
3.68	2.73956e-17
3.685	6.70381e-17
3.69	3.69761e-17
3.695	3.35215e-17
3.7	4.02604e-17
3.705	4.22635e-17
3.71	3.63046e-17
3.715	2.64389e-17
3.72	4.65934e-17
3.725	3.53394e-17
3.73	6.92783e-17
3.735	2.8252e-17
3.74	4.20919e-17
3.745	4.61327e-17
3.75	2.59378e-17
3.755	4.22047e-17
3.76	3.19334e-17
3.765	7.84638e-17
3.77	7.65151e-17
3.775	2.49384e-17
3.78	9.75868e-17
3.785	6.9278e-17
3.79	2.28751e-17
3.795	4.05823e-17
3.8	9.11553e-17
3.805	3.00196e-17
3.81	4.90839e-17
3.815	2.88158e-17
3.82	3.72612e-17
3.825	3.72106e-17
3.83	4.13934e-17
3.835	2.74414e-17
3.84	4.89752e-17
3.845	2.71492e-17
3.85	2.77316e-17
3.855	2.82924e-17
3.86	2.686e-17
3.865	5.88244e-17
3.87	3.98605e-17
3.875	5.26939e-17
3.88	3.27735e-17
3.885	3.21153e-17
3.89	6.33913e-17
3.895	4.16235e-17
3.9	4.88492e-17
3.905	7.35959e-17
3.91	4.89657e-17
3.915	5.36381e-17
3.92	6.04527e-17
3.925	4.37674e-17
3.93	5.19299e-17
3.935	7.68016e-17
3.94	7.08685e-17
3.945	4.47423e-17
3.95	4.46351e-17
3.955	8.31893e-17
3.96	6.12621e-17
3.965	4.44151e-17
3.97	5.21297e-17
3.975	5.2769e-17
3.98	2.8531e-17
3.985	3.92467e-17
3.99	7.61848e-17
3.995	4.87513e-17
4	7.57737e-17
4.005	9.97992e-17
4.01	1.0972e-16
4.015	5.97481e-17
4.02	6.89072e-17
4.025	7.40184e-17
4.03	7.0914e-17
4.035	4.06098e-17
4.04	5.39263e-17
4.045	9.4505e-17
4.05	6.45166e-17
4.055	7.55252e-17
4.06	9.70475e-17
4.065	1.37871e-16
4.07	1.44459e-16
4.075	9.71478e-17
4.08	7.53664e-17
4.085	6.59963e-17
4.09	6.731e-17
4.095	1.02299e-16
4.1	8.74575e-17
4.105	1.5749e-16
4.11	8.02848e-17
4.115	8.87998e-17
4.12	7.44726e-17
4.125	8.49073e-17
4.13	9.20465e-17
4.135	8.50891e-17
4.14	7.75013e-17
4.145	8.45936e-17
4.15	7.39703e-17
4.155	5.57417e-17
4.16	7.94635e-17
4.165	9.31534e-17
4.17	2.19389e-16
4.175	6.61907e-17
4.18	7.712e-17
4.185	2.71377e-17
4.19	6.9497e-17
4.195	6.40231e-17
4.2	3.93923e-17
4.205	9.93049e-17
4.21	5.70832e-17
4.215	1.36031e-16
4.22	3.21733e-17
4.225	2.86915e-17
4.23	4.26473e-17
4.235	4.10342e-17
4.24	4.23968e-17
4.245	3.39903e-17
4.25	5.45444e-17
4.255	1.29614e-16
4.26	6.86278e-17
4.265	4.94448e-17
4.27	2.96576e-17
4.275	6.15773e-17
4.28	1.02933e-16
4.285	9.91706e-17
4.29	6.7706e-17
4.295	3.70725e-17
4.3	9.71556e-17
4.305	6.42503e-17
4.31	6.5821e-17
4.315	5.39138e-17
4.32	5.3627e-17
4.325	8.78675e-17
4.33	1.29438e-16
4.335	6.91717e-17
4.34	1.42356e-16
4.345	7.22784e-17
4.35	4.3169e-17
4.355	5.5113e-17
4.36	8.37275e-17
4.365	4.29912e-17
4.37	7.51996e-17
4.375	4.16697e-17
4.38	4.09502e-17
4.385	6.63608e-17
4.39	1.00347e-16
4.395	1.00147e-16
4.4	7.46332e-17
4.405	1.28695e-16
4.41	1.30139e-16
4.415	6.77879e-17
4.42	8.9564e-17
4.425	5.74872e-17
4.43	8.11482e-17
4.435	1.24017e-16
4.44	7.89536e-17
4.445	7.41769e-17
4.45	9.04534e-17
4.455	8.04828e-17
4.46	5.03033e-17
4.465	6.34148e-17
4.47	1.40159e-16
4.475	6.85039e-17
4.48	8.71185e-17
4.485	1.11397e-16
4.49	6.48052e-17
4.495	8.97638e-17
4.5	8.78359e-17
4.505	7.29291e-17
4.51	1.88004e-17
4.515	4.64141e-17
4.52	6.58278e-17
4.525	8.9078e-17
4.53	5.28795e-17
4.535	4.15172e-17
4.54	6.24543e-17
4.545	5.58156e-17
4.55	7.0896e-17
4.555	5.57447e-17
4.56	4.61683e-17
4.565	6.21679e-17
4.57	3.59768e-17
4.575	7.51921e-17
4.58	2.48761e-17
4.585	3.6046e-17
4.59	3.93137e-17
4.595	3.45063e-17
4.6	2.92825e-17
4.605	8.59796e-17
4.61	8.74788e-17
4.615	2.61373e-17
4.62	6.32366e-17
4.625	4.37092e-17
4.63	9.5311e-17
4.635	6.62171e-17
4.64	2.74982e-17
4.645	7.72592e-17
4.65	9.32318e-17
4.655	7.54634e-17
4.66	4.50852e-17
4.665	6.74379e-17
4.67	6.72712e-17
4.675	7.52376e-17
4.68	7.82004e-17
4.685	6.06775e-17
4.69	5.74451e-17
4.695	7.18647e-17
4.7	6.51754e-17
4.705	1.28314e-16
4.71	8.39746e-17
4.715	1.15632e-16
4.72	1.24286e-16
4.725	7.30206e-17
4.73	5.37816e-17
4.735	6.6383e-17
4.74	7.72585e-17
4.745	1.49108e-16
4.75	1.31601e-16
4.755	3.6539e-17
4.76	4.43308e-17
4.765	5.34251e-17
4.77	6.28106e-17
4.775	4.85141e-17
4.78	1.01542e-16
4.785	1.4494e-16
4.79	8.88836e-17
4.795	8.71352e-17
4.8	9.65054e-17
4.805	4.21052e-17
4.81	4.81021e-17
4.815	1.10049e-16
4.82	1.63866e-16
4.825	6.51742e-17
4.83	5.25977e-17
4.835	5.77529e-17
4.84	6.93485e-17
4.845	4.65583e-17
4.85	5.40179e-17
4.855	6.78621e-17
4.86	5.38966e-17
4.865	3.87378e-17
4.87	6.57763e-17
4.875	4.64214e-17
4.88	1.58611e-16
4.885	5.36831e-17
4.89	4.29584e-17
4.895	4.31601e-17
4.9	5.34793e-17
4.905	3.83799e-17
4.91	9.27061e-17
4.915	4.88237e-17
4.92	3.1991e-17
4.925	4.26863e-17
4.93	4.57501e-17
4.935	5.47396e-17
4.94	1.31245e-16
4.945	3.03507e-17
4.95	3.48538e-17
4.955	2.28772e-17
4.96	7.86529e-17
4.965	3.02817e-17
4.97	3.19239e-17
4.975	9.74606e-17
4.98	1.23667e-17
4.985	5.11318e-17
4.99	4.05968e-17
4.995	4.05535e-17
5	7.77767e-17
5.005	5.40726e-17
5.01	6.53692e-17
5.015	1.79825e-16
5.02	9.05246e-17
5.025	6.12999e-17
5.03	3.88617e-17
5.035	5.34658e-17
5.04	6.11446e-17
5.045	6.37746e-17
5.05	6.50744e-17
5.055	6.03151e-17
5.06	1.23806e-16
5.065	9.57447e-17
5.07	7.20375e-17
5.075	6.65594e-17
5.08	9.99071e-17
5.085	1.05751e-16
5.09	6.60483e-17
5.095	6.61431e-17
5.1	6.62577e-17
5.105	6.42791e-17
5.11	6.16111e-17
5.115	7.70486e-17
5.12	6.75313e-17
5.125	3.49488e-17
5.13	6.12079e-17
5.135	4.98602e-17
5.14	6.25551e-17
5.145	4.96252e-17
5.15	5.57791e-17
5.155	9.54687e-17
5.16	8.67614e-17
5.165	6.98464e-17
5.17	4.20169e-17
5.175	8.38375e-17
5.18	6.79858e-17
5.185	5.89683e-17
5.19	4.9082e-17
5.195	1.12103e-16
5.2	4.31298e-17
5.205	6.80761e-17
5.21	7.74722e-17
5.215	6.57971e-17
5.22	4.92437e-17
5.225	5.57981e-17
5.23	9.16767e-17
5.235	3.58979e-17
5.24	3.71999e-17
5.245	7.14512e-17
5.25	3.8346e-17
5.255	2.17711e-17
5.26	3.17645e-17
5.265	3.8168e-17
5.27	3.87336e-17
5.275	4.84596e-17
5.28	6.10196e-17
5.285	4.40962e-17
5.29	3.9578e-17
5.295	3.68782e-17
5.3	2.29645e-17
5.305	8.14335e-17
5.31	5.36764e-17
5.315	2.44575e-17
5.32	4.21341e-17
5.325	4.63958e-17
5.33	3.96902e-17
5.335	4.74842e-17
5.34	1.07757e-16
5.345	3.51934e-17
5.35	5.47033e-17
5.355	4.09112e-17
5.36	6.14323e-17
5.365	7.27344e-17
5.37	3.78364e-17
5.375	4.0595e-17
5.38	6.96065e-17
5.385	6.36675e-17
5.39	6.25385e-17
5.395	1.28697e-16
5.4	5.83863e-17
5.405	5.64439e-17
5.41	6.78356e-17
5.415	5.91081e-17
5.42	7.45318e-17
5.425	8.66855e-17
5.43	8.51937e-17
5.435	3.89248e-17
5.44	6.99586e-17
5.445	8.51977e-17
5.45	8.37187e-17
5.455	6.15837e-17
5.46	8.8855e-17
5.465	1.02468e-16
5.47	4.78864e-17
5.475	6.83656e-17
5.48	6.59257e-17
5.485	6.53203e-17
5.49	8.54945e-17
5.495	9.25128e-17
5.5	1.09917e-16
5.505	8.27857e-17
5.51	2.46684e-17
5.515	5.15374e-17
5.52	5.01043e-17
5.525	8.85321e-17
5.53	4.36038e-17
5.535	6.49171e-17
5.54	7.66492e-17
5.545	7.30036e-17
5.55	6.19739e-17
5.555	6.74949e-17
5.56	3.80562e-17
5.565	2.59397e-17
5.57	5.08843e-17
5.575	4.30294e-17
5.58	2.16613e-17
5.585	6.01238e-17
5.59	6.70894e-17
5.595	7.86824e-17
5.6	4.57196e-17
5.605	4.76535e-17
5.61	5.25707e-17
5.615	7.30057e-17
5.62	4.30354e-17
5.625	2.9224e-17
5.63	3.22177e-17
5.635	4.51692e-17
5.64	3.62442e-17
5.645	1.75229e-17
5.65	4.40214e-17
5.655	2.39183e-17
5.66	8.07317e-17
5.665	8.92958e-17
5.67	2.90347e-17
5.675	2.28155e-17
5.68	3.18684e-17
5.685	3.7145e-17
5.69	2.10455e-17
5.695	2.78983e-17
5.7	1.5833e-16
5.705	2.37458e-17
5.71	6.56047e-17
5.715	5.35365e-17
5.72	8.37947e-17
5.725	3.25632e-17
5.73	5.26872e-17
5.735	3.64324e-17
5.74	5.2277e-17
5.745	6.01403e-17
5.75	5.45565e-17
5.755	5.08239e-17
5.76	5.58384e-17
5.765	1.22888e-16
5.77	6.62196e-17
5.775	7.63598e-17
5.78	6.09143e-17
5.785	6.09117e-17
5.79	7.0077e-17
5.795	6.02804e-17
5.8	1.03938e-16
5.805	7.37501e-17
5.81	4.53401e-17
5.815	6.6984e-17
5.82	5.39481e-17
5.825	7.81464e-17
5.83	1.10925e-16
5.835	1.2035e-16
5.84	8.2897e-17
5.845	4.7485e-17
5.85	5.68812e-17
5.855	3.71581e-17
5.86	9.16878e-17
5.865	1.19663e-16
5.87	7.90554e-17
5.875	4.45439e-17
5.88	8.03686e-17
5.885	7.49794e-17
5.89	4.83575e-17
5.895	5.07417e-17
5.9	4.97241e-17
5.905	4.97111e-17
5.91	4.46063e-17
5.915	4.43326e-17
5.92	9.86062e-17
5.925	6.95915e-17
5.93	6.93713e-17
5.935	5.95511e-17
5.94	2.40434e-17
5.945	5.44423e-17
5.95	5.65546e-17
5.955	8.80027e-17
5.96	3.75789e-17
5.965	5.29694e-17
5.97	4.16245e-17
5.975	4.13167e-17
5.98	3.64633e-17
5.985	4.25788e-17
5.99	5.75908e-17
5.995	8.60374e-17
6	3.9228e-17
6.005	4.38074e-17
6.01	2.14436e-17
6.015	8.82454e-17
6.02	4.86025e-17
6.025	2.51668e-17
6.03	4.95541e-17
6.035	4.10578e-17
6.04	3.95756e-17
6.045	2.89974e-17
6.05	2.27819e-17
6.055	6.65641e-17
6.06	4.33923e-17
6.065	3.60209e-17
6.07	4.19718e-17
6.075	6.2553e-17
6.08	4.08411e-17
6.085	4.57466e-17
6.09	4.15714e-17
6.095	7.00815e-17
6.1	5.4266e-17
6.105	4.92812e-17
6.11	5.27128e-17
6.115	7.3603e-17
6.12	7.93125e-17
6.125	6.59779e-17
6.13	6.70664e-17
6.135	1.24328e-16
6.14	8.12759e-17
6.145	2.9686e-17
6.15	6.92593e-17
6.155	8.71923e-17
6.16	3.16149e-17
6.165	5.48519e-17
6.17	7.39065e-17
6.175	7.79367e-17
6.18	6.19228e-17
6.185	5.62214e-17
6.19	7.25516e-17
6.195	8.09375e-17
6.2	1.05912e-16
6.205	9.27132e-17
6.21	9.49367e-17
6.215	6.26985e-17
6.22	2.85176e-17
6.225	4.45402e-17
6.23	2.09047e-17
6.235	4.15146e-17
6.24	1.13648e-16
6.245	4.85219e-17
6.25	7.4174e-17
6.255	5.53303e-17
6.26	5.99434e-17
6.265	3.28454e-17
6.27	4.55666e-17
6.275	5.27234e-17
6.28	4.31945e-17
6.285	4.80713e-17
6.29	5.23577e-17
6.295	4.54929e-17
6.3	4.19644e-17
6.305	3.19517e-17
6.31	5.14148e-17
6.315	7.73453e-17
6.32	4.7765e-17
6.325	2.62815e-17
6.33	3.08943e-17
6.335	2.98418e-17
6.34	5.36023e-17
6.345	6.97163e-17
6.35	2.48797e-17
6.355	9.10766e-18
6.36	3.2961e-17
6.365	1.68983e-17
6.37	5.33413e-17
6.375	3.36173e-17
6.38	2.92189e-17
6.385	2.64957e-17
6.39	2.24358e-17
6.395	1.82508e-17
6.4	5.50054e-17
6.405	6.88081e-17
6.41	3.57933e-17
6.415	2.47821e-17
6.42	2.63747e-17
6.425	4.21485e-17
6.43	7.36227e-17
6.435	2.98592e-17
6.44	4.92673e-17
6.445	5.10652e-17
6.45	7.63567e-17
6.455	6.20055e-17
6.46	5.2369e-17
6.465	5.58043e-17
6.47	4.68702e-17
6.475	4.41811e-17
6.48	9.13736e-17
6.485	4.61255e-17
6.49	5.59271e-17
6.495	5.783e-17
6.5	3.8453e-17
6.505	2.89591e-17
6.51	5.54879e-17
6.515	6.87765e-17
6.52	5.21266e-17
6.525	3.66669e-17
6.53	5.74642e-17
6.535	3.36535e-17
6.54	8.20637e-17
6.545	9.85282e-17
6.55	6.96189e-17
6.555	6.75798e-17
6.56	5.62585e-17
6.565	9.01443e-17
6.57	6.61207e-17
6.575	6.37227e-17
6.58	5.27489e-17
6.585	4.22682e-17
6.59	3.89897e-17
6.595	6.32089e-17
6.6	4.35121e-17
6.605	3.89892e-17
6.61	4.09085e-17
6.615	3.56435e-17
6.62	4.31661e-17
6.625	4.97861e-17
6.63	4.87052e-17
6.635	6.46046e-17
6.64	4.84305e-17
6.645	3.89489e-17
6.65	4.94903e-17
6.655	7.31268e-17
6.66	3.48801e-17
6.665	4.21613e-17
6.67	5.62643e-17
6.675	4.96593e-17
6.68	2.39087e-17
6.685	3.75778e-17
6.69	2.21566e-17
6.695	6.12974e-17
6.7	3.51074e-17
6.705	3.27352e-17
6.71	2.1394e-17
6.715	4.72733e-17
6.72	3.45882e-17
6.725	4.89243e-17
6.73	7.03461e-17
6.735	3.1481e-17
6.74	2.032e-17
6.745	3.00465e-17
6.75	4.58237e-17
6.755	6.88563e-17
6.76	1.88793e-17
6.765	3.00144e-17
6.77	4.35243e-17
6.775	2.1465e-17
6.78	3.77695e-17
6.785	1.30005e-16
6.79	3.13474e-17
6.795	4.00965e-17
6.8	4.51466e-17
6.805	6.42008e-17
6.81	3.32276e-17
6.815	6.61678e-17
6.82	5.30429e-17
6.825	4.08545e-17
6.83	4.6295e-17
6.835	4.7384e-17
6.84	4.32642e-17
6.845	4.2656e-17
6.85	6.88405e-17
6.855	5.78085e-17
6.86	5.35667e-17
6.865	4.24604e-17
6.87	3.77183e-17
6.875	4.48009e-17
6.88	3.16623e-17
6.885	4.57371e-17
6.89	6.96634e-17
6.895	9.67134e-17
6.9	3.58906e-17
6.905	5.98015e-17
6.91	6.05457e-17
6.915	6.9551e-17
6.92	7.88936e-17
6.925	9.81652e-17
6.93	8.25358e-17
6.935	3.90484e-17
6.94	4.9538e-17
6.945	4.7576e-17
6.95	6.86216e-17
6.955	8.643e-17
6.96	5.59805e-17
6.965	3.67731e-17
6.97	3.88572e-17
6.975	5.59787e-17
6.98	6.85486e-17
6.985	6.03695e-17
6.99	3.01936e-17
6.995	6.54015e-17
7	5.69844e-17
7.005	3.62735e-17
7.01	3.87242e-17
7.015	3.02358e-17
7.02	2.70697e-17
7.025	5.40586e-17
7.03	7.2354e-17
7.035	3.32057e-17
7.04	3.54496e-17
7.045	4.87667e-17
7.05	2.24961e-17
7.055	4.23209e-17
7.06	2.58996e-17
7.065	3.00484e-17
7.07	2.88257e-17
7.075	5.20544e-17
7.08	3.60642e-17
7.085	2.45736e-17
7.09	3.31217e-17
7.095	2.5515e-17
7.1	2.76187e-17
7.105	6.65154e-17
7.11	2.66067e-17
7.115	1.65164e-17
7.12	2.15123e-17
7.125	3.07065e-17
7.13	2.9702e-17
7.135	3.57797e-17
7.14	3.70216e-17
7.145	2.75556e-17
7.15	3.60956e-17
7.155	3.99078e-17
7.16	5.67616e-17
7.165	5.86228e-17
7.17	3.70619e-17
7.175	4.81113e-17
7.18	4.71861e-17
7.185	3.16014e-17
7.19	5.42332e-17
7.195	3.25156e-17
7.2	5.3237e-17
7.205	5.18761e-17
7.21	2.69221e-17
7.215	4.05012e-17
7.22	4.18218e-17
7.225	6.31829e-17
7.23	6.57462e-17
7.235	4.06313e-17
7.24	3.32063e-17
7.245	2.71343e-17
7.25	3.82518e-17
7.255	5.72387e-17
7.26	5.96669e-17
7.265	6.08591e-17
7.27	5.3048e-17
7.275	5.96e-17
7.28	3.82834e-17
7.285	7.3039e-17
7.29	8.1452e-17
7.295	4.9223e-17
7.3	4.23508e-17
7.305	4.83713e-17
7.31	2.76021e-17
7.315	7.33456e-17
7.32	1.04308e-16
7.325	8.08905e-17
7.33	3.47935e-17
7.335	2.57526e-17
7.34	4.02705e-17
7.345	3.39989e-17
7.35	4.39249e-17
7.355	5.03692e-17
7.36	1.20808e-16
7.365	5.47682e-17
7.37	3.81588e-17
7.375	3.65389e-17
7.38	2.154e-17
7.385	3.37599e-17
7.39	5.01055e-17
7.395	7.26745e-17
7.4	6.97765e-17
7.405	4.59146e-17
7.41	4.00187e-17
7.415	4.0636e-17
7.42	4.62335e-17
7.425	4.5827e-17
7.43	4.13841e-17
7.435	2.73915e-17
7.44	3.5483e-17
7.445	2.31861e-17
7.45	3.17446e-17
7.455	8.00084e-17
7.46	2.6637e-17
7.465	2.03299e-17
7.47	3.70121e-17
7.475	3.28038e-17
7.48	2.81576e-17
7.485	3.04002e-17
7.49	5.21521e-17
7.495	3.70017e-17
7.5	3.83351e-17
7.505	3.88871e-17
7.51	3.30548e-17
7.515	5.60209e-17
7.52	3.25388e-17
7.525	2.40542e-17
7.53	3.49337e-17
7.535	4.38648e-17
7.54	3.60186e-17
7.545	3.39549e-17
7.55	3.95935e-17
7.555	3.94019e-17
7.56	4.67185e-17
7.565	8.97741e-17
7.57	4.95016e-17
7.575	4.58048e-17
7.58	5.61037e-17
7.585	3.10882e-17
7.59	4.06784e-17
7.595	4.85467e-17
7.6	8.68555e-17
7.605	7.5589e-17
7.61	3.68173e-17
7.615	3.6839e-17
7.62	3.34361e-17
7.625	3.27232e-17
7.63	3.15087e-17
7.635	3.16061e-17
7.64	5.18728e-17
7.645	3.17057e-17
7.65	4.12088e-17
7.655	4.84649e-17
7.66	7.2422e-17
7.665	9.30778e-17
7.67	5.5579e-17
7.675	2.59832e-17
7.68	5.85718e-17
7.685	5.76031e-17
7.69	3.23762e-17
7.695	6.01336e-17
7.7	9.70751e-17
7.705	4.702e-17
7.71	4.10413e-17
7.715	4.37384e-17
7.72	3.02763e-17
7.725	4.56218e-17
7.73	6.09848e-17
7.735	5.16649e-17
7.74	3.39433e-17
7.745	6.49966e-17
7.75	5.2392e-17
7.755	2.03549e-17
7.76	3.16885e-17
7.765	5.22769e-17
7.77	5.69198e-17
7.775	2.64711e-17
7.78	2.70599e-17
7.785	3.12473e-17
7.79	2.32792e-17
7.795	2.16917e-17
7.8	4.43943e-17
7.805	8.34073e-17
7.81	3.56385e-17
7.815	3.59208e-17
7.82	2.54231e-17
7.825	2.21705e-17
7.83	2.83453e-17
7.835	3.91539e-17
7.84	2.83167e-17
7.845	2.78466e-17
7.85	5.93756e-17
7.855	3.16493e-17
7.86	2.57978e-17
7.865	3.72256e-17
7.87	4.88248e-17
7.875	6.45109e-17
7.88	4.83461e-17
7.885	4.36501e-17
7.89	3.99707e-17
7.895	5.39572e-17
7.9	5.15106e-17
7.905	4.46957e-17
7.91	4.8392e-17
7.915	3.66437e-17
7.92	3.41249e-17
7.925	4.62921e-17
7.93	4.45636e-17
7.935	1.11417e-16
7.94	4.65128e-17
7.945	2.93996e-17
7.95	2.66572e-17
7.955	4.05428e-17
7.96	4.10224e-17
7.965	6.29361e-17
7.97	6.50572e-17
7.975	5.73315e-17
7.98	8.53789e-17
7.985	5.94107e-17
7.99	7.77183e-17
7.995	1.13244e-16
8	7.94556e-17
8.005	6.30878e-17
8.01	8.32158e-17
8.015	7.56181e-17
8.02	5.89791e-17
8.025	5.91674e-17
8.03	4.96059e-17
8.035	6.0586e-17
8.04	5.51916e-17
8.045	5.31743e-17
8.05	8.4418e-17
8.055	5.52262e-17
8.06	1.08487e-16
8.065	6.24775e-17
8.07	6.96822e-17
8.075	8.23119e-17
8.08	2.56406e-17
8.085	8.77483e-17
8.09	8.24987e-17
8.095	3.24042e-17
8.1	1.52226e-16
8.105	5.09386e-17
8.11	3.62423e-17
8.115	6.56454e-17
8.12	5.86532e-17
8.125	1.38821e-16
8.13	3.24006e-17
8.135	2.71645e-17
8.14	5.99176e-17
8.145	4.89384e-17
8.15	4.31011e-17
8.155	2.69264e-17
8.16	3.81044e-17
8.165	5.81322e-17
8.17	2.29927e-17
8.175	4.34481e-17
8.18	1.61048e-17
8.185	1.9311e-17
8.19	3.4105e-17
8.195	1.12239e-16
8.2	6.84286e-17
8.205	2.67428e-17
8.21	5.23117e-17
8.215	3.92055e-17
8.22	5.76381e-17
8.225	3.38835e-17
8.23	5.02191e-17
8.235	4.45549e-17
8.24	2.28001e-17
8.245	1.09705e-16
8.25	5.36061e-17
8.255	7.00908e-17
8.26	3.02593e-17
8.265	3.55526e-17
8.27	4.29658e-17
8.275	4.95825e-17
8.28	2.27907e-16
8.285	5.56084e-17
8.29	6.0365e-17
8.295	3.22452e-17
8.3	6.23554e-17
8.305	1.1614e-16
8.31	5.84477e-17
8.315	5.89597e-17
8.32	4.61313e-17
8.325	1.08694e-16
8.33	8.7149e-17
8.335	4.41354e-17
8.34	4.97427e-17
8.345	1.92219e-16
8.35	7.99824e-17
8.355	7.56702e-17
8.36	9.02033e-17
8.365	5.48433e-17
8.37	6.34169e-17
8.375	9.41373e-17
8.38	7.39933e-17
8.385	8.31227e-17
8.39	8.82447e-17
8.395	7.41678e-17
8.4	7.57525e-17
8.405	4.21416e-17
8.41	8.46644e-17
8.415	8.09614e-17
8.42	7.17485e-17
8.425	7.37747e-17
8.43	6.28856e-17
8.435	5.42667e-17
8.44	4.36733e-17
8.445	7.37928e-17
8.45	9.64985e-17
8.455	5.423e-17
8.46	1.12154e-16
8.465	8.74195e-17
8.47	1.08503e-16
8.475	1.24552e-16
8.48	1.1913e-16
8.485	1.14029e-16
8.49	7.46124e-17
8.495	9.23986e-17
8.5	8.02733e-17
8.505	6.58402e-17
8.51	8.69603e-17
8.515	1.48353e-16
8.52	1.46564e-16
8.525	1.60647e-16
8.53	1.51377e-16
8.535	1.44501e-16
8.54	1.18264e-16
8.545	1.0783e-16
8.55	1.09498e-16
8.555	1.19787e-16
8.56	1.03771e-16
8.565	1.00536e-16
8.57	8.8157e-17
8.575	4.44913e-17
8.58	5.68928e-17
8.585	5.68129e-17
8.59	3.24948e-17
8.595	5.66853e-17
8.6	6.92294e-17
8.605	1.34467e-16
8.61	1.03416e-16
8.615	9.64959e-17
8.62	1.48335e-16
8.625	8.5951e-17
8.63	7.8965e-17
8.635	7.9054e-17
8.64	5.64741e-17
8.645	3.92077e-17
8.65	9.07817e-17
8.655	6.02192e-17
8.66	7.89022e-17
8.665	4.27612e-17
8.67	6.6471e-17
8.675	8.8991e-17
8.68	7.00376e-17
8.685	1.48924e-16
8.69	1.07531e-16
8.695	5.62205e-17
8.7	7.29974e-17
8.705	6.31282e-17
8.71	5.10616e-17
8.715	5.76554e-17
8.72	8.67389e-17
8.725	4.0413e-17
8.73	8.52065e-17
8.735	4.39343e-17
8.74	2.83162e-17
8.745	7.31779e-17
8.75	7.27174e-17
8.755	1.17258e-16
8.76	7.51078e-17
8.765	3.20641e-17
8.77	3.86793e-17
8.775	4.77268e-17
8.78	1.11578e-16
8.785	7.76008e-17
8.79	4.88651e-17
8.795	9.44413e-17
8.8	3.86151e-17
8.805	7.09632e-17
8.81	4.89391e-17
8.815	4.53762e-17
8.82	6.1934e-17
8.825	4.40249e-17
8.83	5.38426e-17
8.835	2.66893e-17
8.84	9.39973e-17
8.845	3.38296e-17
8.85	5.69609e-17
8.855	3.86599e-17
8.86	3.49183e-17
8.865	5.18043e-17
8.87	3.81491e-17
8.875	5.18324e-17
8.88	2.31423e-17
8.885	5.11722e-17
8.89	6.18238e-17
8.895	4.02489e-17
8.9	3.95659e-17
8.905	6.84451e-17
8.91	5.8482e-17
8.915	2.98485e-17
8.92	3.82827e-17
8.925	3.4417e-17
8.93	4.00024e-17
8.935	4.48234e-17
8.94	2.45198e-17
8.945	8.43118e-17
8.95	2.83014e-17
8.955	2.45376e-17
8.96	4.66245e-17
8.965	3.99041e-17
8.97	4.46117e-17
8.975	5.59253e-17
8.98	3.27027e-17
8.985	1.35759e-16
8.99	5.97153e-17
8.995	4.91127e-17
9	3.31031e-17
9.005	9.24694e-17
9.01	7.13455e-17
9.015	2.94484e-17
9.02	4.91722e-17
9.025	4.74197e-17
9.03	6.74729e-17
9.035	1.11812e-16
9.04	5.38634e-17
9.045	6.4534e-17
9.05	5.07094e-17
9.055	7.54775e-17
9.06	5.41259e-17
9.065	6.35699e-17
9.07	5.56915e-17
9.075	1.09564e-16
9.08	6.68735e-17
9.085	6.2282e-17
9.09	8.97659e-17
9.095	8.21049e-17
9.1	6.00556e-17
9.105	6.20322e-17
9.11	7.35225e-17
9.115	5.35722e-17
9.12	5.04432e-17
9.125	5.99376e-17
9.13	4.39939e-17
9.135	6.47831e-17
9.14	7.81159e-17
9.145	9.5396e-17
9.15	1.69587e-16
9.155	8.57719e-17
9.16	9.09033e-17
9.165	1.13671e-16
9.17	7.05299e-17
9.175	6.63246e-17
9.18	5.14752e-17
9.185	6.95768e-17
9.19	8.07251e-17
9.195	7.26836e-17
9.2	8.08019e-17
9.205	8.52338e-17
9.21	7.9045e-17
9.215	1.00292e-16
9.22	1.32216e-16
9.225	1.01707e-16
9.23	1.10755e-16
9.235	1.21227e-16
9.24	1.08013e-16
9.245	7.91636e-17
9.25	4.30252e-17
9.255	6.73805e-17
9.26	6.79797e-17
9.265	5.13404e-17
9.27	5.76549e-17
9.275	8.96534e-17
9.28	1.18603e-16
9.285	1.10694e-16
9.29	1.15434e-16
9.295	1.03912e-16
9.3	1.45581e-16
9.305	1.1818e-16
9.31	3.82941e-17
9.315	4.29147e-17
9.32	7.00974e-17
9.325	1.02106e-16
9.33	8.57617e-17
9.335	4.63819e-17
9.34	6.17121e-17
9.345	7.01416e-17
9.35	1.03225e-16
9.355	1.17919e-16
9.36	7.47926e-17
9.365	7.11505e-17
9.37	9.20791e-17
9.375	5.88787e-17
9.38	7.12739e-17
9.385	5.38363e-17
9.39	7.93908e-17
9.395	7.44476e-17
9.4	5.37395e-17
9.405	6.18092e-17
9.41	1.03166e-16
9.415	4.59294e-17
9.42	8.7937e-17
9.425	5.35168e-17
9.43	1.67328e-16
9.435	6.12997e-17
9.44	8.34978e-17
9.445	1.00566e-16
9.45	6.77028e-17
9.455	6.92024e-17
9.46	5.33086e-17
9.465	5.18276e-17
9.47	6.25511e-17
9.475	4.42812e-17
9.48	8.93519e-17
9.485	7.19538e-17
9.49	6.25801e-17
9.495	6.09399e-17
9.5	4.06821e-17
9.505	4.33019e-17
9.51	7.19181e-17
9.515	5.3083e-17
9.52	8.61883e-17
9.525	3.9234e-17
9.53	3.85106e-17
9.535	4.17806e-17
9.54	5.59926e-17
9.545	4.96865e-17
9.55	3.40371e-17
9.555	3.69354e-17
9.56	4.99992e-17
9.565	5.53364e-17
9.57	2.77839e-17
9.575	2.92006e-17
9.58	8.89625e-17
9.585	4.01702e-17
9.59	5.42397e-17
9.595	2.5587e-17
9.6	3.24949e-17
9.605	3.08148e-17
9.61	4.42181e-18
9.615	3.21899e-17
9.62	4.01171e-17
9.625	2.90261e-17
9.63	6.81902e-17
9.635	4.14588e-17
9.64	3.52873e-17
9.645	5.22098e-17
9.65	5.06967e-17
9.655	4.76283e-17
9.66	1.81256e-17
9.665	3.19529e-17
9.67	1.23265e-16
9.675	4.60909e-17
9.68	3.47874e-17
9.685	6.14563e-18
9.69	3.06614e-17
9.695	2.86313e-17
9.7	5.34483e-17
9.705	4.41411e-17
9.71	1.12101e-16
9.715	5.83518e-17
9.72	8.09156e-17
9.725	4.248e-17
9.73	3.94746e-17
9.735	6.56409e-17
9.74	5.75936e-17
9.745	4.00375e-17
9.75	6.85659e-17
9.755	4.43886e-17
9.76	1.81718e-16
9.765	5.67187e-17
9.77	3.93207e-17
9.775	6.0777e-17
9.78	8.9577e-17
9.785	6.05841e-17
9.79	5.76893e-17
9.795	5.57844e-17
9.8	9.23652e-17
9.805	7.41661e-17
9.81	6.8922e-17
9.815	6.62696e-17
9.82	6.17286e-17
9.825	6.38341e-17
9.83	8.75896e-17
9.835	8.19381e-17
9.84	7.72988e-17
9.845	4.19668e-17
9.85	1.13325e-16
9.855	5.11595e-17
9.86	4.35659e-17
9.865	7.99296e-17
9.87	7.10112e-17
9.875	6.79533e-17
9.88	6.00954e-17
9.885	1.05867e-16
9.89	6.31642e-17
9.895	8.71967e-17
9.9	1.06804e-16
9.905	9.63847e-17
9.91	6.13684e-17
9.915	8.55918e-17
9.92	5.21324e-17
9.925	6.44177e-17
9.93	8.20764e-17
9.935	5.64906e-17
9.94	7.77534e-17
9.945	8.22824e-17
9.95	7.01809e-17
9.955	4.60818e-17
9.96	8.22239e-17
9.965	1.04428e-16
9.97	8.78376e-17
9.975	8.33521e-17
9.98	9.57013e-17
9.985	1.01343e-16
9.99	5.07527e-17
9.995	4.60386e-17
10	4.88027e-17
