0.005	4.13587e-15
0.01	1.23897e-15
0.015	7.15981e-16
0.02	5.05719e-16
0.025	3.97475e-16
0.03	3.22167e-16
0.035	2.71526e-16
0.04	2.38083e-16
0.045	2.06947e-16
0.05	1.82756e-16
0.055	1.66317e-16
0.06	1.51881e-16
0.065	1.41109e-16
0.07	1.30072e-16
0.075	1.20866e-16
0.08	1.11797e-16
0.085	1.05934e-16
0.09	1.00978e-16
0.095	9.43582e-17
0.1	9.0186e-17
0.105	8.50331e-17
0.11	8.10443e-17
0.115	7.84189e-17
0.12	7.39941e-17
0.125	7.17233e-17
0.13	6.92265e-17
0.135	6.54668e-17
0.14	6.3902e-17
0.145	6.10091e-17
0.15	6.00062e-17
0.155	5.75106e-17
0.16	5.54103e-17
0.165	5.30258e-17
0.17	5.27037e-17
0.175	5.14054e-17
0.18	4.84971e-17
0.185	4.80058e-17
0.19	4.65312e-17
0.195	4.55375e-17
0.2	4.43047e-17
0.205	4.26172e-17
0.21	4.17164e-17
0.215	4.08136e-17
0.22	3.98026e-17
0.225	3.89606e-17
0.23	3.8363e-17
0.235	3.74706e-17
0.24	3.67285e-17
0.245	3.58146e-17
0.25	3.57951e-17
0.255	3.48429e-17
0.26	3.40167e-17
0.265	3.31921e-17
0.27	3.24748e-17
0.275	3.23495e-17
0.28	3.1226e-17
0.285	3.09887e-17
0.29	3.07209e-17
0.295	2.97447e-17
0.3	2.93457e-17
0.305	2.86797e-17
0.31	2.85052e-17
0.315	2.80015e-17
0.32	2.73146e-17
0.325	2.70261e-17
0.33	2.65654e-17
0.335	2.6168e-17
0.34	2.57169e-17
0.345	2.53653e-17
0.35	2.51591e-17
0.355	2.44972e-17
0.36	2.42903e-17
0.365	2.40813e-17
0.37	2.37666e-17
0.375	2.33089e-17
0.38	2.2874e-17
0.385	2.30967e-17
0.39	2.25071e-17
0.395	2.22191e-17
0.4	2.1789e-17
0.405	2.16909e-17
0.41	2.12918e-17
0.415	2.1176e-17
0.42	2.10633e-17
0.425	2.04174e-17
0.43	2.03841e-17
0.435	2.03988e-17
0.44	1.97673e-17
0.445	1.98148e-17
0.45	1.95899e-17
0.455	1.9399e-17
0.46	1.92023e-17
0.465	1.87583e-17
0.47	1.89062e-17
0.475	1.83378e-17
0.48	1.82256e-17
0.485	1.80409e-17
0.49	1.79022e-17
0.495	1.77024e-17
0.5	1.75717e-17
0.505	1.75842e-17
0.51	1.73737e-17
0.515	1.70072e-17
0.52	1.68905e-17
0.525	1.67831e-17
0.53	1.65271e-17
0.535	1.63291e-17
0.54	1.61559e-17
0.545	1.58759e-17
0.55	1.59479e-17
0.555	1.5686e-17
0.56	1.56526e-17
0.565	1.54875e-17
0.57	1.54015e-17
0.575	1.51393e-17
0.58	1.51023e-17
0.585	1.50393e-17
0.59	1.47427e-17
0.595	1.4675e-17
0.6	1.44609e-17
0.605	1.4436e-17
0.61	1.43965e-17
0.615	1.42494e-17
0.62	1.41499e-17
0.625	1.40669e-17
0.63	1.3859e-17
0.635	1.36934e-17
0.64	1.3823e-17
0.645	1.34944e-17
0.65	1.33748e-17
0.655	1.33035e-17
0.66	1.32303e-17
0.665	1.31934e-17
0.67	1.30229e-17
0.675	1.30574e-17
0.68	1.27614e-17
0.685	1.27572e-17
0.69	1.25763e-17
0.695	1.24981e-17
0.7	1.2441e-17
0.705	1.24544e-17
0.71	1.2237e-17
0.715	1.23263e-17
0.72	1.21125e-17
0.725	1.20193e-17
0.73	1.18448e-17
0.735	1.20131e-17
0.74	1.20698e-17
0.745	1.18863e-17
0.75	1.17618e-17
0.755	1.16887e-17
0.76	1.14741e-17
0.765	1.17472e-17
0.77	1.12838e-17
0.775	1.12357e-17
0.78	1.11621e-17
0.785	1.11071e-17
0.79	1.12587e-17
0.795	1.10662e-17
0.8	1.09294e-17
0.805	1.08039e-17
0.81	1.07544e-17
0.815	1.07737e-17
0.82	1.06801e-17
0.825	1.05631e-17
0.83	1.06838e-17
0.835	1.04093e-17
0.84	1.03767e-17
0.845	1.02809e-17
0.85	1.0306e-17
0.855	1.02385e-17
0.86	1.01689e-17
0.865	1.0074e-17
0.87	1.0129e-17
0.875	9.95221e-18
0.88	1.00191e-17
0.885	9.93799e-18
0.89	9.80804e-18
0.895	9.78235e-18
0.9	9.63624e-18
0.905	9.61412e-18
0.91	9.64649e-18
0.915	9.47939e-18
0.92	9.46507e-18
0.925	9.36609e-18
0.93	9.46237e-18
0.935	9.3826e-18
0.94	9.37833e-18
0.945	9.30132e-18
0.95	9.17992e-18
0.955	9.0949e-18
0.96	9.18575e-18
0.965	9.15788e-18
0.97	9.06569e-18
0.975	9.01915e-18
0.98	8.81861e-18
0.985	8.89878e-18
0.99	8.79372e-18
0.995	8.80243e-18
1	8.85203e-18
1.005	8.5831e-18
1.01	8.69255e-18
1.015	8.6997e-18
1.02	8.56257e-18
1.025	8.49492e-18
1.03	8.43033e-18
1.035	8.41068e-18
1.04	8.43237e-18
1.045	8.31161e-18
1.05	8.38369e-18
1.055	8.2572e-18
1.06	8.25518e-18
1.065	8.25453e-18
1.07	8.18203e-18
1.075	8.10467e-18
1.08	8.21746e-18
1.085	8.07085e-18
1.09	8.21797e-18
1.095	8.13993e-18
1.1	7.95366e-18
1.105	7.99008e-18
1.11	7.87821e-18
1.115	7.7925e-18
1.12	7.75729e-18
1.125	7.84881e-18
1.13	7.83605e-18
1.135	7.69628e-18
1.14	7.72019e-18
1.145	7.65822e-18
1.15	7.62188e-18
1.155	7.64945e-18
1.16	7.62177e-18
1.165	7.49502e-18
1.17	7.41992e-18
1.175	7.46218e-18
1.18	7.39218e-18
1.185	7.39294e-18
1.19	7.35174e-18
1.195	7.2704e-18
1.2	7.30124e-18
1.205	7.28508e-18
1.21	7.20258e-18
1.215	7.18684e-18
1.22	7.172e-18
1.225	7.08596e-18
1.23	7.1271e-18
1.235	7.06498e-18
1.24	7.06516e-18
1.245	6.99096e-18
1.25	6.95731e-18
1.255	7.02695e-18
1.26	6.9799e-18
1.265	6.87323e-18
1.27	6.90956e-18
1.275	6.84276e-18
1.28	6.80338e-18
1.285	6.83521e-18
1.29	6.81728e-18
1.295	6.80125e-18
1.3	6.74001e-18
1.305	6.76836e-18
1.31	6.6478e-18
1.315	6.63623e-18
1.32	6.62469e-18
1.325	6.55725e-18
1.33	6.68441e-18
1.335	6.49667e-18
1.34	6.50793e-18
1.345	6.55281e-18
1.35	6.46218e-18
1.355	6.4939e-18
1.36	6.45137e-18
1.365	6.34715e-18
1.37	6.38417e-18
1.375	6.41301e-18
1.38	6.27516e-18
1.385	6.29846e-18
1.39	6.34143e-18
1.395	6.28584e-18
1.4	6.24568e-18
1.405	6.3058e-18
1.41	6.26723e-18
1.415	6.14903e-18
1.42	6.11482e-18
1.425	6.11705e-18
1.43	6.13615e-18
1.435	6.10057e-18
1.44	6.04737e-18
1.445	6.03124e-18
1.45	6.09566e-18
1.455	6.05128e-18
1.46	6.01738e-18
1.465	5.97424e-18
1.47	5.88026e-18
1.475	5.90689e-18
1.48	6.01626e-18
1.485	5.85356e-18
1.49	5.82085e-18
1.495	5.7903e-18
1.5	5.83417e-18
1.505	5.82375e-18
1.51	5.74262e-18
1.515	5.7694e-18
1.52	5.8192e-18
1.525	5.76293e-18
1.53	5.74831e-18
1.535	5.74431e-18
1.54	5.65646e-18
1.545	5.68795e-18
1.55	5.64152e-18
1.555	5.59965e-18
1.56	5.66113e-18
1.565	5.60795e-18
1.57	5.56481e-18
1.575	5.58266e-18
1.58	5.51081e-18
1.585	5.53978e-18
1.59	5.53609e-18
1.595	5.47278e-18
1.6	5.54688e-18
1.605	5.41608e-18
1.61	5.43051e-18
1.615	5.43234e-18
1.62	5.46069e-18
1.625	5.41515e-18
1.63	5.35084e-18
1.635	5.3085e-18
1.64	5.31753e-18
1.645	5.24969e-18
1.65	5.27391e-18
1.655	5.35152e-18
1.66	5.27272e-18
1.665	5.28217e-18
1.67	5.28267e-18
1.675	5.17641e-18
1.68	5.18338e-18
1.685	5.20296e-18
1.69	5.15136e-18
1.695	5.18344e-18
1.7	5.1522e-18
1.705	5.09724e-18
1.71	5.20665e-18
1.715	5.11977e-18
1.72	5.07328e-18
1.725	5.06896e-18
1.73	5.06349e-18
1.735	5.06666e-18
1.74	5.07149e-18
1.745	5.04673e-18
1.75	4.99244e-18
1.755	5.00021e-18
1.76	4.95159e-18
1.765	4.98946e-18
1.77	4.9587e-18
1.775	4.91761e-18
1.78	5.02627e-18
1.785	4.87989e-18
1.79	4.86328e-18
1.795	4.93993e-18
1.8	4.85208e-18
1.805	4.80755e-18
1.81	4.86257e-18
1.815	4.83628e-18
1.82	4.81252e-18
1.825	4.82313e-18
1.83	4.76253e-18
1.835	4.77768e-18
1.84	4.78649e-18
1.845	4.74452e-18
1.85	4.7637e-18
1.855	4.70376e-18
1.86	4.70383e-18
1.865	4.64206e-18
1.87	4.69697e-18
1.875	4.64884e-18
1.88	4.61969e-18
1.885	4.59672e-18
1.89	4.60021e-18
1.895	4.6255e-18
1.9	4.58316e-18
1.905	4.61256e-18
1.91	4.57126e-18
1.915	4.55436e-18
1.92	4.55364e-18
1.925	4.54214e-18
1.93	4.56344e-18
1.935	4.50351e-18
1.94	4.55643e-18
1.945	4.4553e-18
1.95	4.47298e-18
1.955	4.45879e-18
1.96	4.43174e-18
1.965	4.43853e-18
1.97	4.42889e-18
1.975	4.5458e-18
1.98	4.42389e-18
1.985	4.38197e-18
1.99	4.47376e-18
1.995	4.39442e-18
2	4.36894e-18
2.005	4.347e-18
2.01	4.35179e-18
2.015	4.33709e-18
2.02	4.33287e-18
2.025	4.31458e-18
2.03	4.31275e-18
2.035	4.25642e-18
2.04	4.29696e-18
2.045	4.28756e-18
2.05	4.22971e-18
2.055	4.24411e-18
2.06	4.33173e-18
2.065	4.19876e-18
2.07	4.22414e-18
2.075	4.1981e-18
2.08	4.18962e-18
2.085	4.181e-18
2.09	4.22542e-18
2.095	4.14653e-18
2.1	4.16964e-18
2.105	4.17183e-18
2.11	4.14514e-18
2.115	4.11589e-18
2.12	4.08309e-18
2.125	4.13642e-18
2.13	4.11369e-18
2.135	4.07543e-18
2.14	4.08622e-18
2.145	4.13709e-18
2.15	4.06747e-18
2.155	4.05248e-18
2.16	4.06728e-18
2.165	4.06833e-18
2.17	4.00846e-18
2.175	4.08738e-18
2.18	3.98758e-18
2.185	3.99524e-18
2.19	3.99353e-18
2.195	4.0105e-18
2.2	4.03589e-18
2.205	3.93658e-18
2.21	3.98245e-18
2.215	3.92763e-18
2.22	3.9583e-18
2.225	3.96597e-18
2.23	3.89472e-18
2.235	3.89598e-18
2.24	3.89404e-18
2.245	3.8954e-18
2.25	3.86403e-18
2.255	3.88215e-18
2.26	3.90216e-18
2.265	3.88619e-18
2.27	3.84156e-18
2.275	3.83196e-18
2.28	3.81896e-18
2.285	3.82281e-18
2.29	3.82889e-18
2.295	3.80785e-18
2.3	3.81411e-18
2.305	3.83651e-18
2.31	3.77624e-18
2.315	3.81784e-18
2.32	3.81562e-18
2.325	3.77852e-18
2.33	3.7411e-18
2.335	3.74414e-18
2.34	3.7765e-18
2.345	3.74125e-18
2.35	3.73697e-18
2.355	3.70662e-18
2.36	3.71631e-18
2.365	3.72258e-18
2.37	3.71104e-18
2.375	3.71358e-18
2.38	3.65897e-18
2.385	3.65979e-18
2.39	3.70782e-18
2.395	3.61959e-18
2.4	3.66801e-18
2.405	3.65624e-18
2.41	3.61426e-18
2.415	3.6254e-18
2.42	3.66752e-18
2.425	3.61562e-18
2.43	3.59345e-18
2.435	3.59372e-18
2.44	3.57923e-18
2.445	3.54938e-18
2.45	3.56106e-18
2.455	3.52664e-18
2.46	3.54351e-18
2.465	3.58136e-18
2.47	3.55641e-18
2.475	3.52817e-18
2.48	3.55883e-18
2.485	3.4844e-18
2.49	3.50525e-18
2.495	3.53676e-18
2.5	3.48748e-18
2.505	3.52046e-18
2.51	3.53577e-18
2.515	3.46898e-18
2.52	3.49821e-18
2.525	3.47994e-18
2.53	3.45036e-18
2.535	3.49691e-18
2.54	3.44446e-18
2.545	3.43589e-18
2.55	3.44031e-18
2.555	3.44574e-18
2.56	3.38754e-18
2.565	3.43196e-18
2.57	3.4181e-18
2.575	3.39067e-18
2.58	3.39519e-18
2.585	3.37049e-18
2.59	3.34802e-18
2.595	3.39351e-18
2.6	3.37625e-18
2.605	3.36402e-18
2.61	3.34236e-18
2.615	3.32995e-18
2.62	3.33112e-18
2.625	3.35643e-18
2.63	3.29688e-18
2.635	3.32225e-18
2.64	3.32592e-18
2.645	3.28221e-18
2.65	3.31295e-18
2.655	3.28574e-18
2.66	3.29982e-18
2.665	3.29075e-18
2.67	3.26825e-18
2.675	3.24789e-18
2.68	3.28121e-18
2.685	3.24138e-18
2.69	3.21583e-18
2.695	3.20705e-18
2.7	3.22538e-18
2.705	3.22806e-18
2.71	3.23358e-18
2.715	3.21433e-18
2.72	3.24326e-18
2.725	3.202e-18
2.73	3.20082e-18
2.735	3.21455e-18
2.74	3.17594e-18
2.745	3.18686e-18
2.75	3.19886e-18
2.755	3.15757e-18
2.76	3.17477e-18
2.765	3.16879e-18
2.77	3.15669e-18
2.775	3.13123e-18
2.78	3.14066e-18
2.785	3.13434e-18
2.79	3.11974e-18
2.795	3.12999e-18
2.8	3.10336e-18
2.805	3.13358e-18
2.81	3.10961e-18
2.815	3.10585e-18
2.82	3.10843e-18
2.825	3.1059e-18
2.83	3.1032e-18
2.835	3.08965e-18
2.84	3.10842e-18
2.845	3.06535e-18
2.85	3.07069e-18
2.855	3.09658e-18
2.86	3.03269e-18
2.865	3.02429e-18
2.87	3.08545e-18
2.875	3.05479e-18
2.88	3.03361e-18
2.885	3.06262e-18
2.89	3.00528e-18
2.895	3.02843e-18
2.9	3.02124e-18
2.905	3.01694e-18
2.91	2.99801e-18
2.915	2.98521e-18
2.92	2.96356e-18
2.925	2.99324e-18
2.93	2.99502e-18
2.935	2.98984e-18
2.94	2.99969e-18
2.945	2.95266e-18
2.95	2.99028e-18
2.955	2.94062e-18
2.96	2.99157e-18
2.965	2.92541e-18
2.97	2.95205e-18
2.975	2.97139e-18
2.98	2.95935e-18
2.985	2.95714e-18
2.99	2.93262e-18
2.995	2.91166e-18
3	2.90113e-18
3.005	2.91708e-18
3.01	2.9032e-18
3.015	2.89585e-18
3.02	2.94638e-18
3.025	2.91772e-18
3.03	2.87265e-18
3.035	2.91955e-18
3.04	2.87503e-18
3.045	2.87636e-18
3.05	2.8591e-18
3.055	2.86364e-18
3.06	2.84093e-18
3.065	2.86639e-18
3.07	2.85168e-18
3.075	2.85991e-18
3.08	2.84815e-18
3.085	2.85593e-18
3.09	2.81349e-18
3.095	2.84176e-18
3.1	2.83648e-18
3.105	2.83228e-18
3.11	2.79613e-18
3.115	2.83214e-18
3.12	2.79206e-18
3.125	2.80502e-18
3.13	2.83931e-18
3.135	2.78926e-18
3.14	2.77485e-18
3.145	2.79039e-18
3.15	2.76738e-18
3.155	2.79104e-18
3.16	2.74033e-18
3.165	2.73888e-18
3.17	2.76017e-18
3.175	2.75007e-18
3.18	2.74725e-18
3.185	2.73626e-18
3.19	2.74758e-18
3.195	2.72999e-18
3.2	2.73989e-18
3.205	2.70486e-18
3.21	2.71762e-18
3.215	2.74124e-18
3.22	2.70393e-18
3.225	2.69636e-18
3.23	2.70635e-18
3.235	2.70536e-18
3.24	2.68629e-18
3.245	2.68984e-18
3.25	2.68018e-18
3.255	2.73714e-18
3.26	2.72143e-18
3.265	2.66702e-18
3.27	2.70646e-18
3.275	2.66461e-18
3.28	2.67245e-18
3.285	2.68969e-18
3.29	2.66109e-18
3.295	2.62153e-18
3.3	2.65938e-18
3.305	2.6603e-18
3.31	2.63946e-18
3.315	2.62138e-18
3.32	2.63455e-18
3.325	2.61697e-18
3.33	2.66397e-18
3.335	2.65004e-18
3.34	2.6055e-18
3.345	2.63225e-18
3.35	2.63274e-18
3.355	2.60948e-18
3.36	2.59872e-18
3.365	2.6195e-18
3.37	2.57892e-18
3.375	2.59808e-18
3.38	2.61848e-18
3.385	2.55851e-18
3.39	2.55265e-18
3.395	2.59797e-18
3.4	2.55417e-18
3.405	2.54115e-18
3.41	2.56465e-18
3.415	2.56632e-18
3.42	2.53868e-18
3.425	2.55307e-18
3.43	2.58562e-18
3.435	2.54892e-18
3.44	2.54938e-18
3.445	2.57358e-18
3.45	2.55935e-18
3.455	2.50732e-18
3.46	2.54109e-18
3.465	2.54136e-18
3.47	2.50618e-18
3.475	2.52094e-18
3.48	2.54533e-18
3.485	2.48696e-18
3.49	2.50705e-18
3.495	2.48856e-18
3.5	2.51396e-18
3.505	2.48008e-18
3.51	2.51934e-18
3.515	2.48784e-18
3.52	2.46045e-18
3.525	2.50319e-18
3.53	2.48934e-18
3.535	2.46611e-18
3.54	2.47981e-18
3.545	2.44126e-18
3.55	2.44632e-18
3.555	2.4511e-18
3.56	2.42361e-18
3.565	2.47201e-18
3.57	2.44372e-18
3.575	2.41476e-18
3.58	2.45785e-18
3.585	2.42621e-18
3.59	2.47383e-18
3.595	2.4664e-18
3.6	2.45304e-18
3.605	2.44511e-18
3.61	2.42371e-18
3.615	2.39803e-18
3.62	2.4565e-18
3.625	2.41323e-18
3.63	2.38411e-18
3.635	2.39931e-18
3.64	2.41453e-18
3.645	2.38005e-18
3.65	2.38209e-18
3.655	2.41502e-18
3.66	2.39021e-18
3.665	2.36852e-18
3.67	2.40403e-18
3.675	2.36452e-18
3.68	2.38653e-18
3.685	2.35367e-18
3.69	2.37887e-18
3.695	2.361e-18
3.7	2.34102e-18
3.705	2.37462e-18
3.71	2.33328e-18
3.715	2.35059e-18
3.72	2.36606e-18
3.725	2.33721e-18
3.73	2.32602e-18
3.735	2.35313e-18
3.74	2.36555e-18
3.745	2.32921e-18
3.75	2.33824e-18
3.755	2.33453e-18
3.76	2.3358e-18
3.765	2.33392e-18
3.77	2.30692e-18
3.775	2.32728e-18
3.78	2.312e-18
3.785	2.3416e-18
3.79	2.28984e-18
3.795	2.31343e-18
3.8	2.31874e-18
3.805	2.31226e-18
3.81	2.2852e-18
3.815	2.30592e-18
3.82	2.27919e-18
3.825	2.2727e-18
3.83	2.28387e-18
3.835	2.30326e-18
3.84	2.25085e-18
3.845	2.28798e-18
3.85	2.26955e-18
3.855	2.2692e-18
3.86	2.26757e-18
3.865	2.25985e-18
3.87	2.25167e-18
3.875	2.24694e-18
3.88	2.24374e-18
3.885	2.25988e-18
3.89	2.24633e-18
3.895	2.23845e-18
3.9	2.23745e-18
3.905	2.23532e-18
3.91	2.20887e-18
3.915	2.26336e-18
3.92	2.25788e-18
3.925	2.21257e-18
3.93	2.21545e-18
3.935	2.23154e-18
3.94	2.20093e-18
3.945	2.21281e-18
3.95	2.21962e-18
3.955	2.2055e-18
3.96	2.19681e-18
3.965	2.19777e-18
3.97	2.18303e-18
3.975	2.19788e-18
3.98	2.20819e-18
3.985	2.17248e-18
3.99	2.19153e-18
3.995	2.16912e-18
4	2.18817e-18
4.005	2.1679e-18
4.01	2.17248e-18
4.015	2.18967e-18
4.02	2.16544e-18
4.025	2.1633e-18
4.03	2.16181e-18
4.035	2.2024e-18
4.04	2.15051e-18
4.045	2.14558e-18
4.05	2.15121e-18
4.055	2.15153e-18
4.06	2.16266e-18
4.065	2.1367e-18
4.07	2.15475e-18
4.075	2.1379e-18
4.08	2.1405e-18
4.085	2.13611e-18
4.09	2.1345e-18
4.095	2.1129e-18
4.1	2.134e-18
4.105	2.13864e-18
4.11	2.11701e-18
4.115	2.11614e-18
4.12	2.14045e-18
4.125	2.1248e-18
4.13	2.1158e-18
4.135	2.12598e-18
4.14	2.11923e-18
4.145	2.09583e-18
4.15	2.0757e-18
4.155	2.11703e-18
4.16	2.1004e-18
4.165	2.08545e-18
4.17	2.10115e-18
4.175	2.10445e-18
4.18	2.08365e-18
4.185	2.07081e-18
4.19	2.08341e-18
4.195	2.06565e-18
4.2	2.08157e-18
4.205	2.08076e-18
4.21	2.07906e-18
4.215	2.05712e-18
4.22	2.06709e-18
4.225	2.06893e-18
4.23	2.06612e-18
4.235	2.0581e-18
4.24	2.0955e-18
4.245	2.03787e-18
4.25	2.06471e-18
4.255	2.05988e-18
4.26	2.05784e-18
4.265	2.04413e-18
4.27	2.0712e-18
4.275	2.08994e-18
4.28	2.05171e-18
4.285	2.0358e-18
4.29	2.03026e-18
4.295	2.04352e-18
4.3	2.00904e-18
4.305	2.05096e-18
4.31	2.01676e-18
4.315	2.00975e-18
4.32	2.01463e-18
4.325	2.02428e-18
4.33	2.02717e-18
4.335	2.03433e-18
4.34	2.02224e-18
4.345	2.04023e-18
4.35	2.03175e-18
4.355	1.99384e-18
4.36	2.02762e-18
4.365	2.00057e-18
4.37	2.01078e-18
4.375	1.99672e-18
4.38	1.99165e-18
4.385	1.99188e-18
4.39	1.99758e-18
4.395	2.02085e-18
4.4	2.00433e-18
4.405	1.98593e-18
4.41	2.00737e-18
4.415	1.98861e-18
4.42	1.99609e-18
4.425	1.95523e-18
4.43	1.99111e-18
4.435	1.9875e-18
4.44	1.96755e-18
4.445	1.99384e-18
4.45	1.99217e-18
4.455	1.98268e-18
4.46	1.95648e-18
4.465	1.95969e-18
4.47	1.97391e-18
4.475	1.92795e-18
4.48	1.94692e-18
4.485	1.97632e-18
4.49	1.95184e-18
4.495	1.95344e-18
4.5	1.94551e-18
4.505	1.95383e-18
4.51	1.95096e-18
4.515	1.96127e-18
4.52	1.9858e-18
4.525	1.92001e-18
4.53	1.93268e-18
4.535	1.91805e-18
4.54	1.93362e-18
4.545	1.95492e-18
4.55	1.93648e-18
4.555	1.91513e-18
4.56	1.91857e-18
4.565	1.90611e-18
4.57	1.924e-18
4.575	1.93509e-18
4.58	1.91323e-18
4.585	1.91007e-18
4.59	1.92298e-18
4.595	1.91655e-18
4.6	1.88767e-18
4.605	1.89961e-18
4.61	1.90492e-18
4.615	1.89218e-18
4.62	1.89577e-18
4.625	1.88548e-18
4.63	1.88965e-18
4.635	1.89129e-18
4.64	1.87675e-18
4.645	1.8901e-18
4.65	1.89535e-18
4.655	1.89384e-18
4.66	1.8907e-18
4.665	1.88417e-18
4.67	1.8688e-18
4.675	1.88263e-18
4.68	1.86323e-18
4.685	1.85446e-18
4.69	1.87105e-18
4.695	1.85821e-18
4.7	1.85368e-18
4.705	1.85794e-18
4.71	1.86583e-18
4.715	1.83652e-18
4.72	1.88262e-18
4.725	1.83686e-18
4.73	1.85333e-18
4.735	1.86356e-18
4.74	1.84764e-18
4.745	1.84236e-18
4.75	1.85401e-18
4.755	1.86426e-18
4.76	1.84223e-18
4.765	1.83549e-18
4.77	1.82791e-18
4.775	1.83521e-18
4.78	1.84744e-18
4.785	1.82146e-18
4.79	1.82479e-18
4.795	1.81544e-18
4.8	1.82142e-18
4.805	1.8219e-18
4.81	1.82662e-18
4.815	1.82396e-18
4.82	1.83102e-18
4.825	1.81208e-18
4.83	1.80417e-18
4.835	1.81125e-18
4.84	1.80412e-18
4.845	1.82996e-18
4.85	1.82926e-18
4.855	1.80058e-18
4.86	1.79105e-18
4.865	1.8222e-18
4.87	1.79491e-18
4.875	1.79706e-18
4.88	1.78931e-18
4.885	1.82861e-18
4.89	1.77145e-18
4.895	1.79333e-18
4.9	1.82907e-18
4.905	1.78718e-18
4.91	1.80252e-18
4.915	1.80217e-18
4.92	1.76525e-18
4.925	1.7675e-18
4.93	1.77099e-18
4.935	1.77128e-18
4.94	1.78595e-18
4.945	1.75321e-18
4.95	1.77088e-18
4.955	1.75943e-18
4.96	1.78292e-18
4.965	1.77304e-18
4.97	1.77894e-18
4.975	1.7698e-18
4.98	1.76409e-18
4.985	1.75656e-18
4.99	1.76475e-18
4.995	1.76327e-18
5	1.75351e-18
5.005	1.75538e-18
5.01	1.74025e-18
5.015	1.75645e-18
5.02	1.75195e-18
5.025	1.7554e-18
5.03	1.76424e-18
5.035	1.77854e-18
5.04	1.74348e-18
5.045	1.72293e-18
5.05	1.74553e-18
5.055	1.73144e-18
5.06	1.71737e-18
5.065	1.73431e-18
5.07	1.74437e-18
5.075	1.72542e-18
5.08	1.72875e-18
5.085	1.72201e-18
5.09	1.73494e-18
5.095	1.73969e-18
5.1	1.71085e-18
5.105	1.74988e-18
5.11	1.69849e-18
5.115	1.70791e-18
5.12	1.71481e-18
5.125	1.71357e-18
5.13	1.71964e-18
5.135	1.70083e-18
5.14	1.72331e-18
5.145	1.71539e-18
5.15	1.69432e-18
5.155	1.70087e-18
5.16	1.69787e-18
5.165	1.70612e-18
5.17	1.69535e-18
5.175	1.69958e-18
5.18	1.68734e-18
5.185	1.6875e-18
5.19	1.70892e-18
5.195	1.6969e-18
5.2	1.71147e-18
5.205	1.69021e-18
5.21	1.69258e-18
5.215	1.68063e-18
5.22	1.69632e-18
5.225	1.68061e-18
5.23	1.69397e-18
5.235	1.66787e-18
5.24	1.67738e-18
5.245	1.66342e-18
5.25	1.66549e-18
5.255	1.65941e-18
5.26	1.673e-18
5.265	1.65738e-18
5.27	1.64657e-18
5.275	1.65689e-18
5.28	1.66388e-18
5.285	1.64765e-18
5.29	1.65868e-18
5.295	1.66391e-18
5.3	1.64894e-18
5.305	1.67681e-18
5.31	1.65159e-18
5.315	1.64974e-18
5.32	1.6668e-18
5.325	1.63836e-18
5.33	1.6565e-18
5.335	1.65541e-18
5.34	1.64471e-18
5.345	1.62812e-18
5.35	1.64994e-18
5.355	1.64827e-18
5.36	1.65176e-18
5.365	1.61151e-18
5.37	1.6354e-18
5.375	1.63651e-18
5.38	1.62143e-18
5.385	1.61199e-18
5.39	1.61695e-18
5.395	1.6274e-18
5.4	1.62543e-18
5.405	1.60955e-18
5.41	1.61765e-18
5.415	1.61361e-18
5.42	1.61651e-18
5.425	1.6144e-18
5.43	1.60565e-18
5.435	1.60603e-18
5.44	1.59905e-18
5.445	1.62334e-18
5.45	1.5997e-18
5.455	1.61775e-18
5.46	1.59304e-18
5.465	1.59526e-18
5.47	1.61153e-18
5.475	1.57519e-18
5.48	1.58548e-18
5.485	1.58658e-18
5.49	1.59909e-18
5.495	1.57999e-18
5.5	1.5866e-18
5.505	1.61035e-18
5.51	1.60253e-18
5.515	1.59863e-18
5.52	1.58279e-18
5.525	1.5854e-18
5.53	1.611e-18
5.535	1.57509e-18
5.54	1.56984e-18
5.545	1.57181e-18
5.55	1.58909e-18
5.555	1.57592e-18
5.56	1.56769e-18
5.565	1.57249e-18
5.57	1.57966e-18
5.575	1.56645e-18
5.58	1.58024e-18
5.585	1.55838e-18
5.59	1.58412e-18
5.595	1.57402e-18
5.6	1.58733e-18
5.605	1.55613e-18
5.61	1.5504e-18
5.615	1.55134e-18
5.62	1.55903e-18
5.625	1.55016e-18
5.63	1.57035e-18
5.635	1.5393e-18
5.64	1.53506e-18
5.645	1.5644e-18
5.65	1.54546e-18
5.655	1.58079e-18
5.66	1.5371e-18
5.665	1.54737e-18
5.67	1.55337e-18
5.675	1.54995e-18
5.68	1.54333e-18
5.685	1.536e-18
5.69	1.53563e-18
5.695	1.53623e-18
5.7	1.52268e-18
5.705	1.52509e-18
5.71	1.54073e-18
5.715	1.53329e-18
5.72	1.53119e-18
5.725	1.5244e-18
5.73	1.53873e-18
5.735	1.5493e-18
5.74	1.52279e-18
5.745	1.52941e-18
5.75	1.52225e-18
5.755	1.52528e-18
5.76	1.52795e-18
5.765	1.51554e-18
5.77	1.51794e-18
5.775	1.52229e-18
5.78	1.52257e-18
5.785	1.53658e-18
5.79	1.53023e-18
5.795	1.51381e-18
5.8	1.50127e-18
5.805	1.51802e-18
5.81	1.52465e-18
5.815	1.52568e-18
5.82	1.4995e-18
5.825	1.51235e-18
5.83	1.53017e-18
5.835	1.50469e-18
5.84	1.50412e-18
5.845	1.49571e-18
5.85	1.50082e-18
5.855	1.47842e-18
5.86	1.51648e-18
5.865	1.48551e-18
5.87	1.51276e-18
5.875	1.48969e-18
5.88	1.48843e-18
5.885	1.5117e-18
5.89	1.48821e-18
5.895	1.50257e-18
5.9	1.47652e-18
5.905	1.47333e-18
5.91	1.49033e-18
5.915	1.47803e-18
5.92	1.50023e-18
5.925	1.48249e-18
5.93	1.49147e-18
5.935	1.48794e-18
5.94	1.48416e-18
5.945	1.47459e-18
5.95	1.46812e-18
5.955	1.4777e-18
5.96	1.47174e-18
5.965	1.48242e-18
5.97	1.46452e-18
5.975	1.50278e-18
5.98	1.46865e-18
5.985	1.45601e-18
5.99	1.47035e-18
5.995	1.4842e-18
6	1.48815e-18
6.005	1.47067e-18
6.01	1.44375e-18
6.015	1.44841e-18
6.02	1.46927e-18
6.025	1.45531e-18
6.03	1.44725e-18
6.035	1.45002e-18
6.04	1.45376e-18
6.045	1.44592e-18
6.05	1.44805e-18
6.055	1.44412e-18
6.06	1.4451e-18
6.065	1.4487e-18
6.07	1.43869e-18
6.075	1.45507e-18
6.08	1.43711e-18
6.085	1.43308e-18
6.09	1.43296e-18
6.095	1.43407e-18
6.1	1.4362e-18
6.105	1.43429e-18
6.11	1.43076e-18
6.115	1.42814e-18
6.12	1.46833e-18
6.125	1.43138e-18
6.13	1.4229e-18
6.135	1.42841e-18
6.14	1.42583e-18
6.145	1.4294e-18
6.15	1.42723e-18
6.155	1.42286e-18
6.16	1.42643e-18
6.165	1.41937e-18
6.17	1.4248e-18
6.175	1.40986e-18
6.18	1.42469e-18
6.185	1.41878e-18
6.19	1.40462e-18
6.195	1.42206e-18
6.2	1.40784e-18
6.205	1.40004e-18
6.21	1.39661e-18
6.215	1.39644e-18
6.22	1.41153e-18
6.225	1.41592e-18
6.23	1.42053e-18
6.235	1.40731e-18
6.24	1.39678e-18
6.245	1.38782e-18
6.25	1.41607e-18
6.255	1.39828e-18
6.26	1.39403e-18
6.265	1.39338e-18
6.27	1.39594e-18
6.275	1.41168e-18
6.28	1.41576e-18
6.285	1.40466e-18
6.29	1.37977e-18
6.295	1.38935e-18
6.3	1.40733e-18
6.305	1.38341e-18
6.31	1.39128e-18
6.315	1.40566e-18
6.32	1.39524e-18
6.325	1.39643e-18
6.33	1.38711e-18
6.335	1.38379e-18
6.34	1.36463e-18
6.345	1.38869e-18
6.35	1.38117e-18
6.355	1.37466e-18
6.36	1.37057e-18
6.365	1.36739e-18
6.37	1.38231e-18
6.375	1.38839e-18
6.38	1.37558e-18
6.385	1.38448e-18
6.39	1.36768e-18
6.395	1.3596e-18
6.4	1.37623e-18
6.405	1.3744e-18
6.41	1.37307e-18
6.415	1.36756e-18
6.42	1.38043e-18
6.425	1.35804e-18
6.43	1.36859e-18
6.435	1.38835e-18
6.44	1.37246e-18
6.445	1.35888e-18
6.45	1.376e-18
6.455	1.35854e-18
6.46	1.36535e-18
6.465	1.37159e-18
6.47	1.34522e-18
6.475	1.3479e-18
6.48	1.35468e-18
6.485	1.35655e-18
6.49	1.36894e-18
6.495	1.3444e-18
6.5	1.33988e-18
6.505	1.35421e-18
6.51	1.34977e-18
6.515	1.33166e-18
6.52	1.34588e-18
6.525	1.34547e-18
6.53	1.3436e-18
6.535	1.35457e-18
6.54	1.33654e-18
6.545	1.34557e-18
6.55	1.35052e-18
6.555	1.32701e-18
6.56	1.33349e-18
6.565	1.34875e-18
6.57	1.33697e-18
6.575	1.34043e-18
6.58	1.33587e-18
6.585	1.34365e-18
6.59	1.32428e-18
6.595	1.33543e-18
6.6	1.3192e-18
6.605	1.33056e-18
6.61	1.31544e-18
6.615	1.33752e-18
6.62	1.33422e-18
6.625	1.33469e-18
6.63	1.31833e-18
6.635	1.32262e-18
6.64	1.32262e-18
6.645	1.32337e-18
6.65	1.31337e-18
6.655	1.32188e-18
6.66	1.32272e-18
6.665	1.32088e-18
6.67	1.31978e-18
6.675	1.30424e-18
6.68	1.3331e-18
6.685	1.30212e-18
6.69	1.31468e-18
6.695	1.31549e-18
6.7	1.31747e-18
6.705	1.31876e-18
6.71	1.29458e-18
6.715	1.3212e-18
6.72	1.29967e-18
6.725	1.32959e-18
6.73	1.32666e-18
6.735	1.29995e-18
6.74	1.29997e-18
6.745	1.30551e-18
6.75	1.29814e-18
6.755	1.30445e-18
6.76	1.30315e-18
6.765	1.28885e-18
6.77	1.3069e-18
6.775	1.29352e-18
6.78	1.29012e-18
6.785	1.29598e-18
6.79	1.29654e-18
6.795	1.28654e-18
6.8	1.31145e-18
6.805	1.2886e-18
6.81	1.29007e-18
6.815	1.29194e-18
6.82	1.28621e-18
6.825	1.27215e-18
6.83	1.28059e-18
6.835	1.28945e-18
6.84	1.27922e-18
6.845	1.27574e-18
6.85	1.27004e-18
6.855	1.28133e-18
6.86	1.27635e-18
6.865	1.26439e-18
6.87	1.30294e-18
6.875	1.28806e-18
6.88	1.28215e-18
6.885	1.27392e-18
6.89	1.27085e-18
6.895	1.2657e-18
6.9	1.29242e-18
6.905	1.28256e-18
6.91	1.28716e-18
6.915	1.26315e-18
6.92	1.26585e-18
6.925	1.26225e-18
6.93	1.26984e-18
6.935	1.25707e-18
6.94	1.25278e-18
6.945	1.27064e-18
6.95	1.2768e-18
6.955	1.26015e-18
6.96	1.25244e-18
6.965	1.25177e-18
6.97	1.25512e-18
6.975	1.28432e-18
6.98	1.24396e-18
6.985	1.24215e-18
6.99	1.2504e-18
6.995	1.25274e-18
7	1.26427e-18
7.005	1.24639e-18
7.01	1.24368e-18
7.015	1.27329e-18
7.02	1.25901e-18
7.025	1.2605e-18
7.03	1.25375e-18
7.035	1.24036e-18
7.04	1.26128e-18
7.045	1.25561e-18
7.05	1.24822e-18
7.055	1.22893e-18
7.06	1.2454e-18
7.065	1.24447e-18
7.07	1.25749e-18
7.075	1.24004e-18
7.08	1.26141e-18
7.085	1.23638e-18
7.09	1.25657e-18
7.095	1.22876e-18
7.1	1.23423e-18
7.105	1.23851e-18
7.11	1.25444e-18
7.115	1.2269e-18
7.12	1.22079e-18
7.125	1.23041e-18
7.13	1.24166e-18
7.135	1.23871e-18
7.14	1.23999e-18
7.145	1.2447e-18
7.15	1.22524e-18
7.155	1.23511e-18
7.16	1.23937e-18
7.165	1.23042e-18
7.17	1.22636e-18
7.175	1.22897e-18
7.18	1.22675e-18
7.185	1.21524e-18
7.19	1.22305e-18
7.195	1.20709e-18
7.2	1.22262e-18
7.205	1.21467e-18
7.21	1.22283e-18
7.215	1.23094e-18
7.22	1.21582e-18
7.225	1.21723e-18
7.23	1.20482e-18
7.235	1.20446e-18
7.24	1.20669e-18
7.245	1.20997e-18
7.25	1.20454e-18
7.255	1.22133e-18
7.26	1.2037e-18
7.265	1.2016e-18
7.27	1.22594e-18
7.275	1.2208e-18
7.28	1.20276e-18
7.285	1.19781e-18
7.29	1.19451e-18
7.295	1.19573e-18
7.3	1.20316e-18
7.305	1.19652e-18
7.31	1.19391e-18
7.315	1.20462e-18
7.32	1.19395e-18
7.325	1.20312e-18
7.33	1.1916e-18
7.335	1.18994e-18
7.34	1.18456e-18
7.345	1.19426e-18
7.35	1.1954e-18
7.355	1.18782e-18
7.36	1.18227e-18
7.365	1.17955e-18
7.37	1.2035e-18
7.375	1.18705e-18
7.38	1.18751e-18
7.385	1.1966e-18
7.39	1.17576e-18
7.395	1.17908e-18
7.4	1.18516e-18
7.405	1.1973e-18
7.41	1.18605e-18
7.415	1.1687e-18
7.42	1.18156e-18
7.425	1.17969e-18
7.43	1.18404e-18
7.435	1.16647e-18
7.44	1.19744e-18
7.445	1.17332e-18
7.45	1.16612e-18
7.455	1.18617e-18
7.46	1.16535e-18
7.465	1.16674e-18
7.47	1.16919e-18
7.475	1.18248e-18
7.48	1.16984e-18
7.485	1.17069e-18
7.49	1.18196e-18
7.495	1.17643e-18
7.5	1.15933e-18
7.505	1.17102e-18
7.51	1.16065e-18
7.515	1.1542e-18
7.52	1.17413e-18
7.525	1.16382e-18
7.53	1.18434e-18
7.535	1.16118e-18
7.54	1.15682e-18
7.545	1.15699e-18
7.55	1.16445e-18
7.555	1.16541e-18
7.56	1.15764e-18
7.565	1.18342e-18
7.57	1.14873e-18
7.575	1.15693e-18
7.58	1.17411e-18
7.585	1.1533e-18
7.59	1.17695e-18
7.595	1.14816e-18
7.6	1.15604e-18
7.605	1.16431e-18
7.61	1.15909e-18
7.615	1.14996e-18
7.62	1.15598e-18
7.625	1.15215e-18
7.63	1.16196e-18
7.635	1.15448e-18
7.64	1.13903e-18
7.645	1.14752e-18
7.65	1.14788e-18
7.655	1.14705e-18
7.66	1.16554e-18
7.665	1.15596e-18
7.67	1.13874e-18
7.675	1.13953e-18
7.68	1.13325e-18
7.685	1.14665e-18
7.69	1.14694e-18
7.695	1.14212e-18
7.7	1.13629e-18
7.705	1.12985e-18
7.71	1.13311e-18
7.715	1.15508e-18
7.72	1.13499e-18
7.725	1.13696e-18
7.73	1.13436e-18
7.735	1.13426e-18
7.74	1.13623e-18
7.745	1.12593e-18
7.75	1.13466e-18
7.755	1.14333e-18
7.76	1.12741e-18
7.765	1.14617e-18
7.77	1.13353e-18
7.775	1.12805e-18
7.78	1.12444e-18
7.785	1.13616e-18
7.79	1.13748e-18
7.795	1.1359e-18
7.8	1.1281e-18
7.805	1.12511e-18
7.81	1.1184e-18
7.815	1.11598e-18
7.82	1.12049e-18
7.825	1.12197e-18
7.83	1.11336e-18
7.835	1.11795e-18
7.84	1.12219e-18
7.845	1.12739e-18
7.85	1.14133e-18
7.855	1.11254e-18
7.86	1.10534e-18
7.865	1.11722e-18
7.87	1.11857e-18
7.875	1.13027e-18
7.88	1.10752e-18
7.885	1.12599e-18
7.89	1.10751e-18
7.895	1.11207e-18
7.9	1.1157e-18
7.905	1.11546e-18
7.91	1.11062e-18
7.915	1.096e-18
7.92	1.10374e-18
7.925	1.10408e-18
7.93	1.11583e-18
7.935	1.10818e-18
7.94	1.10173e-18
7.945	1.11299e-18
7.95	1.10273e-18
7.955	1.10528e-18
7.96	1.09089e-18
7.965	1.10762e-18
7.97	1.10046e-18
7.975	1.09212e-18
7.98	1.09179e-18
7.985	1.115e-18
7.99	1.10611e-18
7.995	1.08867e-18
8	1.09792e-18
8.005	1.09278e-18
8.01	1.08592e-18
8.015	1.1077e-18
8.02	1.10407e-18
8.025	1.09237e-18
8.03	1.10736e-18
8.035	1.099e-18
8.04	1.07843e-18
8.045	1.09134e-18
8.05	1.10135e-18
8.055	1.10192e-18
8.06	1.09394e-18
8.065	1.09285e-18
8.07	1.10096e-18
8.075	1.08647e-18
8.08	1.08058e-18
8.085	1.08633e-18
8.09	1.099e-18
8.095	1.08672e-18
8.1	1.08109e-18
8.105	1.07894e-18
8.11	1.08992e-18
8.115	1.09962e-18
8.12	1.07837e-18
8.125	1.08659e-18
8.13	1.07484e-18
8.135	1.08945e-18
8.14	1.07733e-18
8.145	1.08416e-18
8.15	1.08113e-18
8.155	1.07145e-18
8.16	1.07346e-18
8.165	1.07235e-18
8.17	1.08226e-18
8.175	1.07576e-18
8.18	1.06729e-18
8.185	1.07304e-18
8.19	1.07821e-18
8.195	1.07661e-18
8.2	1.08737e-18
8.205	1.07903e-18
8.21	1.07208e-18
8.215	1.06516e-18
8.22	1.07028e-18
8.225	1.08075e-18
8.23	1.06165e-18
8.235	1.06488e-18
8.24	1.06749e-18
8.245	1.06688e-18
8.25	1.06464e-18
8.255	1.064e-18
8.26	1.0568e-18
8.265	1.0648e-18
8.27	1.06397e-18
8.275	1.06449e-18
8.28	1.06773e-18
8.285	1.06453e-18
8.29	1.05733e-18
8.295	1.05221e-18
8.3	1.05142e-18
8.305	1.06273e-18
8.31	1.05272e-18
8.315	1.06735e-18
8.32	1.05545e-18
8.325	1.06829e-18
8.33	1.04809e-18
8.335	1.05177e-18
8.34	1.04813e-18
8.345	1.06361e-18
8.35	1.04988e-18
8.355	1.05048e-18
8.36	1.04362e-18
8.365	1.05327e-18
8.37	1.04192e-18
8.375	1.05292e-18
8.38	1.06167e-18
8.385	1.04722e-18
8.39	1.05185e-18
8.395	1.05875e-18
8.4	1.04876e-18
8.405	1.05573e-18
8.41	1.0452e-18
8.415	1.04411e-18
8.42	1.05246e-18
8.425	1.05098e-18
8.43	1.06205e-18
8.435	1.03408e-18
8.44	1.0355e-18
8.445	1.02785e-18
8.45	1.05161e-18
8.455	1.04118e-18
8.46	1.05339e-18
8.465	1.04675e-18
8.47	1.04088e-18
8.475	1.02301e-18
8.48	1.04229e-18
8.485	1.02772e-18
8.49	1.03727e-18
8.495	1.03798e-18
8.5	1.04649e-18
8.505	1.02387e-18
8.51	1.02981e-18
8.515	1.02631e-18
8.52	1.04794e-18
8.525	1.049e-18
8.53	1.03472e-18
8.535	1.02565e-18
8.54	1.02737e-18
8.545	1.03541e-18
8.55	1.03478e-18
8.555	1.02762e-18
8.56	1.04115e-18
8.565	1.0248e-18
8.57	1.02452e-18
8.575	1.02753e-18
8.58	1.02398e-18
8.585	1.02741e-18
8.59	1.02342e-18
8.595	1.01698e-18
8.6	1.01471e-18
8.605	1.01824e-18
8.61	1.02775e-18
8.615	1.01794e-18
8.62	1.0148e-18
8.625	1.02111e-18
8.63	1.01552e-18
8.635	1.01673e-18
8.64	1.01906e-18
8.645	1.01613e-18
8.65	1.01361e-18
8.655	1.00882e-18
8.66	1.00061e-18
8.665	1.00819e-18
8.67	1.02193e-18
8.675	1.01508e-18
8.68	1.0135e-18
8.685	1.00842e-18
8.69	1.01432e-18
8.695	1.00994e-18
8.7	1.0078e-18
8.705	1.01928e-18
8.71	1.00302e-18
8.715	1.00691e-18
8.72	1.02208e-18
8.725	1.00442e-18
8.73	1.01494e-18
8.735	1.01304e-18
8.74	1.0209e-18
8.745	1.00047e-18
8.75	1.00039e-18
8.755	1.00819e-18
8.76	9.96951e-19
8.765	1.00268e-18
8.77	9.99108e-19
8.775	9.94276e-19
8.78	1.00093e-18
8.785	9.92462e-19
8.79	1.00509e-18
8.795	1.00524e-18
8.8	1.00153e-18
8.805	1.00197e-18
8.81	1.00902e-18
8.815	9.98741e-19
8.82	1.00352e-18
8.825	1.00885e-18
8.83	9.96152e-19
8.835	9.95015e-19
8.84	9.8623e-19
8.845	9.87163e-19
8.85	9.92791e-19
8.855	1.0124e-18
8.86	9.89177e-19
8.865	9.97689e-19
8.87	9.8381e-19
8.875	9.83476e-19
8.88	9.84562e-19
8.885	9.9296e-19
8.89	9.87056e-19
8.895	9.94318e-19
8.9	9.71074e-19
8.905	9.73911e-19
8.91	9.8352e-19
8.915	9.8789e-19
8.92	9.82595e-19
8.925	9.88663e-19
8.93	9.79322e-19
8.935	9.84798e-19
8.94	9.79298e-19
8.945	9.79148e-19
8.95	9.96946e-19
8.955	9.87315e-19
8.96	9.78844e-19
8.965	9.73366e-19
8.97	9.71641e-19
8.975	9.83605e-19
8.98	9.72297e-19
8.985	9.92601e-19
8.99	9.73115e-19
8.995	9.77586e-19
9	9.74666e-19
9.005	9.79533e-19
9.01	9.69955e-19
9.015	9.80221e-19
9.02	9.76479e-19
9.025	9.72797e-19
9.03	9.68796e-19
9.035	9.70607e-19
9.04	9.71621e-19
9.045	9.70991e-19
9.05	9.58459e-19
9.055	9.70424e-19
9.06	9.69612e-19
9.065	9.68513e-19
9.07	9.62778e-19
9.075	9.64372e-19
9.08	9.77695e-19
9.085	9.65137e-19
9.09	9.69694e-19
9.095	9.64731e-19
9.1	9.63962e-19
9.105	9.66733e-19
9.11	9.61296e-19
9.115	9.63719e-19
9.12	9.67173e-19
9.125	9.70863e-19
9.13	9.58365e-19
9.135	9.60029e-19
9.14	9.58873e-19
9.145	9.66658e-19
9.15	9.61009e-19
9.155	9.51688e-19
9.16	9.54942e-19
9.165	9.60634e-19
9.17	9.53086e-19
9.175	9.57173e-19
9.18	9.69762e-19
9.185	9.47706e-19
9.19	9.60256e-19
9.195	9.50459e-19
9.2	9.53911e-19
9.205	9.5243e-19
9.21	9.58109e-19
9.215	9.43534e-19
9.22	9.55296e-19
9.225	9.66159e-19
9.23	9.46608e-19
9.235	9.64374e-19
9.24	9.45332e-19
9.245	9.3929e-19
9.25	9.46438e-19
9.255	9.43848e-19
9.26	9.49468e-19
9.265	9.42436e-19
9.27	9.42597e-19
9.275	9.43195e-19
9.28	9.41768e-19
9.285	9.5601e-19
9.29	9.43724e-19
9.295	9.41728e-19
9.3	9.36103e-19
9.305	9.38646e-19
9.31	9.58179e-19
9.315	9.44684e-19
9.32	9.34048e-19
9.325	9.58812e-19
9.33	9.37436e-19
9.335	9.32599e-19
9.34	9.34521e-19
9.345	9.40686e-19
9.35	9.42358e-19
9.355	9.3541e-19
9.36	9.35985e-19
9.365	9.29631e-19
9.37	9.41777e-19
9.375	9.28432e-19
9.38	9.37974e-19
9.385	9.36663e-19
9.39	9.39563e-19
9.395	9.33822e-19
9.4	9.33407e-19
9.405	9.24535e-19
9.41	9.49713e-19
9.415	9.48663e-19
9.42	9.3946e-19
9.425	9.33097e-19
9.43	9.29735e-19
9.435	9.24116e-19
9.44	9.2372e-19
9.445	9.33836e-19
9.45	9.29519e-19
9.455	9.3169e-19
9.46	9.23205e-19
9.465	9.22645e-19
9.47	9.28807e-19
9.475	9.33431e-19
9.48	9.20021e-19
9.485	9.31984e-19
9.49	9.2884e-19
9.495	9.3762e-19
9.5	9.32009e-19
9.505	9.30753e-19
9.51	9.19158e-19
9.515	9.25616e-19
9.52	9.19451e-19
9.525	9.10792e-19
9.53	9.29186e-19
9.535	9.18664e-19
9.54	9.32484e-19
9.545	9.18564e-19
9.55	9.16193e-19
9.555	9.27471e-19
9.56	9.25253e-19
9.565	9.26507e-19
9.57	9.22204e-19
9.575	9.23341e-19
9.58	9.10205e-19
9.585	9.21142e-19
9.59	9.26874e-19
9.595	9.19756e-19
9.6	9.07271e-19
9.605	9.19492e-19
9.61	9.12858e-19
9.615	9.08097e-19
9.62	9.10384e-19
9.625	9.11767e-19
9.63	9.16091e-19
9.635	9.12321e-19
9.64	9.13449e-19
9.645	9.19693e-19
9.65	9.08415e-19
9.655	9.08546e-19
9.66	9.09025e-19
9.665	9.22008e-19
9.67	9.06922e-19
9.675	9.01588e-19
9.68	9.22776e-19
9.685	9.05742e-19
9.69	9.09718e-19
9.695	9.10665e-19
9.7	8.99276e-19
9.705	9.04987e-19
9.71	9.05886e-19
9.715	8.98737e-19
9.72	9.03086e-19
9.725	9.0436e-19
9.73	9.0671e-19
9.735	9.03917e-19
9.74	8.88113e-19
9.745	9.02841e-19
9.75	9.01814e-19
9.755	8.92239e-19
9.76	8.98629e-19
9.765	9.00328e-19
9.77	9.10781e-19
9.775	8.98497e-19
9.78	9.00283e-19
9.785	9.00621e-19
9.79	8.92063e-19
9.795	9.01089e-19
9.8	8.8861e-19
9.805	9.00863e-19
9.81	9.09159e-19
9.815	8.98156e-19
9.82	8.90597e-19
9.825	9.05642e-19
9.83	8.82866e-19
9.835	8.9536e-19
9.84	8.98726e-19
9.845	8.96245e-19
9.85	9.05847e-19
9.855	8.91445e-19
9.86	8.98265e-19
9.865	8.99978e-19
9.87	9.02317e-19
9.875	8.85269e-19
9.88	8.90476e-19
9.885	8.88695e-19
9.89	8.87517e-19
9.895	8.92245e-19
9.9	8.86664e-19
9.905	8.85497e-19
9.91	9.0314e-19
9.915	8.965e-19
9.92	8.85003e-19
9.925	8.83526e-19
9.93	8.85911e-19
9.935	8.93045e-19
9.94	8.852e-19
9.945	8.81959e-19
9.95	8.85973e-19
9.955	8.93657e-19
9.96	8.71523e-19
9.965	8.81753e-19
9.97	8.86671e-19
9.975	8.85389e-19
9.98	8.84841e-19
9.985	8.80692e-19
9.99	8.77648e-19
9.995	8.77594e-19
10	8.80448e-19
